0 0 600.0 350.0 0.0 700.0 120.1943828510894 525.0470670500707 0.19438285108939857 0.04706705007068861 120.16060746060799 174.88081424750817 0.160607460607995 -0.11918575249186181 1079.8120985286523 524.9314942552378 -0.18790147134757837 -0.06850574476213794 1080.0333794753474 174.80280514553988 0.03337947534742373 -0.19719485446007645
0 0 600.0 350.0 0.0 700.0 120.18435974194892 525.1654994607061 -0.010023109140477687 0.11843241063539012 120.10886034802755 174.81187112839598 -0.051747112580441124 -0.06894311911223358 1079.455085733092 524.8013333401898 -0.3570127955603989 -0.1301609150480621 1079.95397684052 174.45793212043702 -0.07940263482730069 -0.3448730251028957
0 0 600.0 350.0 0.0 700.0 120.10685383112785 525.4599976224866 -0.07750591082107162 0.29449816178057764 119.88594865825749 174.65545889952227 -0.2229116897700594 -0.1564122288736696 1078.94587274574 524.6156827718844 -0.5092129873519374 -0.18565056830539384 1079.7458597989178 174.2935789322221 -0.2081170416022375 -0.16435318821492592
0 0 600.0 350.0 0.0 700.0 120.11651877901976 525.5414910142213 0.009664947891910261 0.08149339173463802 119.5428886291828 174.65508371427325 -0.34306002907469096 -0.00037518524905519324 1078.2996795857757 524.3800915156473 -0.646193159964322 -0.2355912562369924 1079.704609854211 174.28229130198872 -0.041249944706752 -0.011287630233324825
0 0 600.0 350.0 0.0 700.0 120.26064534646737 525.4676643297286 0.14412656744761604 -0.0738266844927169 119.06135269781834 174.5540166415327 -0.4815359313644654 -0.10106707274051994 1077.5302042704602 524.099553640272 -0.7694753153154682 -0.28053787537543107 1079.5174459510094 174.13988905084966 -0.18716390320159826 -0.14240225113905716
0 0 600.0 350.0 0.0 700.0 120.25520585626757 525.437648518636 -0.005439490199798502 -0.03001581109257881 118.77437206680598 174.32679718417023 -0.2869806310123504 -0.2272194573625234 1076.6497750153287 523.778563807672 -0.8804292551314998 -0.3209898326000259 1079.218446590284 173.86021393950023 -0.2989993607255502 -0.2796751113494491
0 0 600.0 350.0 0.0 700.0 120.08007772394849 525.5156145959204 -0.17512813231907295 0.07796607728435424 118.70830675422563 174.17754934904167 -0.06606531258035009 -0.14924783512850867 1075.6694872143628 523.4211672135698 -0.9802878009659282 -0.35739659410216124 1078.7657036291307 173.52929111662206 -0.45274296115333745 -0.33092282287812785
0 0 600.0 350.0 0.0 700.0 119.82746263765155 525.4097867807526 -0.25261508629694684 -0.10582781516770237 118.66218657766605 174.2427810057718 -0.046120176559580506 0.06523165673015788 1074.5993267221459 523.0310045341157 -1.0701604922169137 -0.39016267945408306 1078.4286066795678 173.41867121050825 -0.3370969495629954 -0.11061990611378622
0 0 600.0 350.0 0.0 700.0 119.57719618417558 525.1158585819312 -0.2502664534759787 -0.29392819882144644 118.65946613639296 174.1052867624927 -0.0027204412730824842 -0.13749424327908855 1073.448280807803 522.6113523778449 -1.1510459143428007 -0.4196521562708127 1077.952901370556 173.42063417032728 -0.47570530901181785 0.001962959819042473
0 0 600.0 350.0 0.0 700.0 119.34250855083607 524.6515464811278 -0.23468763333950377 -0.4643121008034371 118.8159847761631 173.8601768695945 0.1565186397701378 -0.24510989289823848 1072.224438013547 522.165159692439 -1.223842794256099 -0.44619268540586937 1077.4066853681027 173.2609795702066 -0.5462160024532488 -0.15965460012071084
