0 0 600.0 350.0 0.0 700.0 120.0 350.0 0.0 -0.0 1078.5 350.0 -1.5 -0.0
0 0 600.0 350.0 0.0 700.0 120.0 350.0 0.0 -0.0 1075.65 350.0 -2.85 -0.0
0 0 600.0 350.0 0.0 700.0 120.0 350.0 0.0 -0.0 1071.585 350.0 -4.0649999999999995 -0.0
0 0 600.0 350.0 0.0 700.0 120.0 350.0 0.0 -0.0 1066.4265 350.0 -5.1585 -0.0
0 0 600.0 350.0 0.0 700.0 120.0 350.0 0.0 -0.0 1060.28385 350.0 -6.142650000000001 -0.0
0 0 600.0 350.0 0.0 700.0 120.0 350.0 0.0 -0.0 1053.255465 350.0 -7.028385000000001 -0.0
0 0 600.0 350.0 0.0 700.0 120.0 350.0 0.0 -0.0 1045.4299185 350.0 -7.825546500000001 -0.0
0 0 600.0 350.0 0.0 700.0 120.0 350.0 0.0 -0.0 1036.88692665 350.0 -8.54299185 -0.0
0 0 600.0 350.0 0.0 700.0 120.0 350.0 0.0 -0.0 1027.6982339850001 350.0 -9.188692665000001 -0.0
0 0 600.0 350.0 0.0 700.0 120.0 350.0 0.0 -0.0 1017.9284105865001 350.0 -9.769823398500002 -0.0
0 0 600.0 350.0 0.0 700.0 120.0 350.0 0.0 -0.0 1007.9284105865001 350.0 -10.0 -0.0
0 0 600.0 350.0 0.0 700.0 120.0 350.0 0.0 -0.0 997.9284105865001 350.0 -10.0 -0.0
0 0 600.0 350.0 0.0 700.0 120.0 350.0 0.0 -0.0 987.9284105865001 350.0 -10.0 -0.0
0 0 600.0 350.0 0.0 700.0 120.0 350.0 0.0 -0.0 977.9284105865001 350.0 -10.0 -0.0
0 0 600.0 350.0 0.0 700.0 120.0 350.0 0.0 -0.0 967.9284105865001 350.0 -10.0 -0.0
0 0 600.0 350.0 0.0 700.0 120.0 350.0 0.0 -0.0 957.9284105865001 350.0 -10.0 -0.0
0 0 600.0 350.0 0.0 700.0 120.0 350.0 0.0 -0.0 947.9284105865001 350.0 -10.0 -0.0
0 0 600.0 350.0 0.0 700.0 120.0 350.0 0.0 -0.0 937.9284105865001 350.0 -10.0 -0.0
0 0 600.0 350.0 0.0 700.0 120.0 350.0 0.0 -0.0 927.9284105865001 350.0 -10.0 -0.0
0 0 600.0 350.0 0.0 700.0 120.0 350.0 0.0 -0.0 917.9284105865001 350.0 -10.0 -0.0
0 0 600.0 350.0 0.0 700.0 120.0 350.0 0.0 -0.0 907.9284105865001 350.0 -10.0 -0.0
0 0 600.0 350.0 0.0 700.0 120.0 350.0 0.0 -0.0 897.9284105865001 350.0 -10.0 -0.0
0 0 600.0 350.0 0.0 700.0 120.0 350.0 0.0 -0.0 887.9284105865001 350.0 -10.0 -0.0
0 0 600.0 350.0 0.0 700.0 120.0 350.0 0.0 -0.0 877.9284105865001 350.0 -10.0 -0.0
0 0 600.0 350.0 0.0 700.0 120.0 350.0 0.0 -0.0 867.9284105865001 350.0 -10.0 -0.0
0 0 600.0 350.0 0.0 700.0 120.0 350.0 0.0 -0.0 857.9284105865001 350.0 -10.0 -0.0
0 0 600.0 350.0 0.0 700.0 120.0 350.0 0.0 -0.0 847.9284105865001 350.0 -10.0 -0.0
0 0 600.0 350.0 0.0 700.0 120.0 350.0 0.0 -0.0 837.9284105865001 350.0 -10.0 -0.0
0 0 600.0 350.0 0.0 700.0 120.0 350.0 0.0 -0.0 827.9284105865001 350.0 -10.0 -0.0
0 0 600.0 350.0 0.0 700.0 120.0 350.0 0.0 -0.0 817.9284105865001 350.0 -10.0 -0.0
0 0 600.0 350.0 0.0 700.0 120.0 350.0 0.0 -0.0 807.9284105865001 350.0 -10.0 -0.0
0 0 600.0 350.0 0.0 700.0 120.0 350.0 0.0 -0.0 797.9284105865001 350.0 -10.0 -0.0
0 0 600.0 350.0 0.0 700.0 120.0 350.0 0.0 -0.0 787.9284105865001 350.0 -10.0 -0.0
0 0 600.0 350.0 0.0 700.0 120.0 350.0 0.0 -0.0 777.9284105865001 350.0 -10.0 -0.0
0 0 600.0 350.0 0.0 700.0 120.0 350.0 0.0 -0.0 767.9284105865001 350.0 -10.0 -0.0
0 0 600.0 350.0 0.0 700.0 120.0 350.0 0.0 -0.0 757.9284105865001 350.0 -10.0 -0.0
0 0 600.0 350.0 0.0 700.0 120.0 350.0 0.0 -0.0 747.9284105865001 350.0 -10.0 -0.0
0 0 600.0 350.0 0.0 700.0 120.0 350.0 0.0 -0.0 737.9284105865001 350.0 -10.0 -0.0
0 0 600.0 350.0 0.0 700.0 120.0 350.0 0.0 -0.0 727.9284105865001 350.0 -10.0 -0.0
0 0 600.0 350.0 0.0 700.0 120.0 350.0 0.0 -0.0 717.9284105865001 350.0 -10.0 -0.0
0 0 600.0 350.0 0.0 700.0 120.0 350.0 0.0 -0.0 707.9284105865001 350.0 -10.0 -0.0
0 0 600.0 350.0 0.0 700.0 120.0 350.0 0.0 -0.0 697.9284105865001 350.0 -10.0 -0.0
0 0 600.0 350.0 0.0 700.0 120.0 350.0 0.0 -0.0 687.9284105865001 350.0 -10.0 -0.0
0 0 600.0 350.0 0.0 700.0 120.0 350.0 0.0 -0.0 677.9284105865001 350.0 -10.0 -0.0
0 0 600.0 350.0 0.0 700.0 120.0 350.0 0.0 -0.0 667.9284105865001 350.0 -10.0 -0.0
0 0 600.0 350.0 0.0 700.0 120.0 350.0 0.0 -0.0 657.9284105865001 350.0 -10.0 -0.0
0 0 600.0 350.0 0.0 700.0 120.0 350.0 0.0 -0.0 647.9284105865001 350.0 -10.0 -0.0
0 0 600.0 350.0 0.0 700.0 120.0 350.0 0.0 -0.0 637.9284105865001 350.0 -10.0 -0.0
0 0 600.0 350.0 0.0 700.0 120.0 350.0 0.0 -0.0 627.9284105865001 350.0 -10.0 -0.0
0 0 588.0814654616684 348.60410084225396 -11.918534538331627 698.604100842254 120.0 350.0 0.0 -0.0 618.6284105865002 350.0 -9.3 -0.0
0 0 578.3082671402365 347.4594635329022 -9.773198321431934 698.8553626906482 120.0 350.0 0.0 -0.0 608.759974289479 349.9315261818686 -9.868436297021168 -0.06847381813141167
0 0 570.0831434329193 346.49613677335174 -8.225123707317115 699.0366732404495 120.0 350.0 0.0 -0.0 598.7615289639202 349.75519957635737 -9.998445325558814 -0.1763266055112099
0 0 563.0326779366698 345.67038602217673 -7.050465496249606 699.174249248825 120.0 350.0 0.0 -0.0 588.7664166839974 349.44258078015946 -9.99511227992281 -0.31261879619792804
0 0 556.9057287168515 344.95279752771955 -6.126949219818234 699.2824115055429 120.0 350.0 0.0 -0.0 578.7777296514066 348.9670480631414 -9.988687032590692 -0.47553271701803257
0 0 551.5243574146832 344.32253114353813 -5.381371302168292 699.3697336158186 120.0 350.0 0.0 -0.0 568.7999464017961 348.3008338154768 -9.977783249610539 -0.6662142476646274
0 0 546.7574393753025 343.76422954573553 -4.766918039380671 699.4416984021974 120.0 350.0 0.0 -0.0 558.8399004626822 347.4078137201035 -9.960045939113908 -0.8930200953733047
0 0 542.505324689404 343.26622173365126 -4.252114685898515 699.5019921879158 120.0 350.0 0.0 -0.0 549.5758786266919 346.60751691278443 -9.26402183599035 -0.8002968073190366
0 0 538.6903775129989 342.8194149946799 -3.8149471764050924 699.5531932610286 120.0 350.0 0.0 -0.0 540.9382820816799 345.89097321118135 -8.637596545012045 -0.716543701603069
0 0 535.2508601683147 342.41657860996696 -3.439517344684238 699.5971636152871 120.0 350.0 0.0 -0.0 532.864471839782 345.2500824366813 -8.073810241897887 -0.6408907745000711
0 0 532.1368252821759 342.05186274152084 -3.1140348861388225 699.6352841315538 120.0 350.0 0.0 -0.0 525.2980727272737 344.67753070592903 -7.566399112508339 -0.5725517307522447
0 0 520.2934665401405 340.11928578122837 -11.843358742035415 698.0674230397075 120.0 350.0 0.0 -0.0 518.1883469842252 344.1667145283607 -7.109725743048555 -0.5108161775683099
0 0 510.5819123716714 338.53457267378855 -9.71155416846904 698.4152868925602 120.0 350.0 0.0 -0.0 512.4817410923364 342.37621622274673 -5.706605891888791 -1.790498305613991
0 0 502.4086683834879 337.2008781225672 -8.173243988183543 698.6663054487786 120.0 350.0 0.0 -0.0 506.68085985331885 339.42020082835046 -5.800881239017558 -2.9560153943962795
0 0 495.40267348521616 336.057653078115 -7.005994898271733 698.8567749555478 120.0 350.0 0.0 -0.0 500.1289589229677 336.068301627042 -6.551900930351172 -3.3518992013084894
0 0 489.3143698123806 335.0641751584076 -6.0883036728355115 699.0065220802926 120.0 350.0 0.0 -0.0 492.7322518928068 333.0482127821329 -7.3967070301608855 -3.0200888449090755
0 0 483.96694134701875 334.1915918588499 -5.3474284653618875 699.1274167004423 120.0 350.0 0.0 -0.0 484.7832144036857 331.0921912167553 -7.949037489121136 -1.9560215653776107
0 0 479.2300904990647 333.4186414642455 -4.736850847954016 699.2270496053956 120.0 350.0 0.0 -0.0 477.24706002428064 330.78230971890855 -7.53615437940507 -0.3098814978467439
0 0 475.0047958980036 332.7291658539631 -4.22529460106114 699.3105243897176 120.0 350.0 0.0 -0.0 470.16470049568653 330.5137901615373 -7.082359528594103 -0.2685195573712176
0 0 471.21391138558556 332.1105764632841 -3.7908845124180166 699.3814106093209 120.0 350.0 0.0 -0.0 463.49077502318147 330.28302314213 -6.673925472505073 -0.23076701940734218
0 0 467.7960886925743 331.5528625972475 -3.4178226930112765 699.4422861339634 120.0 350.0 0.0 -0.0 457.1844580605485 330.0867139903816 -6.306316962632966 -0.19630915174839028
0 0 464.7016954873407 331.04792534551206 -3.09439320523361 699.4950627482646 120.0 350.0 0.0 -0.0 451.20900578021866 329.9218568088126 -5.9754522803298125 -0.1648571815690284
0 0 452.85795315720685 329.1177005872531 -11.843742330133843 698.069775241741 120.0 350.0 0.0 -0.0 445.5313479089135 329.7857101768456 -5.677657871305118 -0.1361466319670169
0 0 443.1460844464971 327.5349162854808 -9.711868710709748 698.4172156982277 120.0 350.0 0.0 -0.0 441.91525965074806 329.52697934831326 -3.6160882581654734 -0.25873082853234386
0 0 434.9725757395638 326.2028450171092 -8.173508706933323 698.6679287316284 120.0 350.0 0.0 -0.0 439.4492202618891 328.01804860400847 -2.4660393888589702 -1.508930744304798
0 0 427.9663539279376 325.06101142889895 -7.006221811626222 698.8581664117897 120.0 350.0 0.0 -0.0 435.83971350447723 326.09636054582995 -3.6095067574118342 -1.921688058178534
0 0 421.87785306434904 324.0687427033561 -6.088500863588519 699.0077312744572 120.0 350.0 0.0 -0.0 431.1039608551198 324.1712745042113 -4.735752649357428 -1.9250860416186468
0 0 416.53025140403787 323.1972214532039 -5.347601660311153 699.1284787498478 120.0 350.0 0.0 -0.0 425.3418760899268 322.4220282603245 -5.762084765192977 -1.7492462438867555
0 0 411.79324713680063 322.4252118415682 -4.737004267237248 699.2279903883643 120.0 350.0 0.0 -0.0 418.6617708825614 320.9791598208771 -6.6801052073653775 -1.4428684394473827
0 0 407.567815684973 321.73657541438996 -4.225431451827598 699.3113635728217 120.0 350.0 0.0 -0.0 412.35034654289706 319.7006221474868 -6.311424339664344 -1.2785376733903209
0 0 403.7768083916604 321.11873892890054 -3.7910072933126187 699.3821635145106 120.0 350.0 0.0 -0.0 406.3707833876482 318.5706923655372 -5.979563155248852 -1.1299297819496246
0 0 400.35887500065064 320.5617038744802 -3.417933391009716 699.4429649455797 120.0 350.0 0.0 -0.0 400.6899410492733 317.5751592144408 -5.680842338374919 -0.9955331510963951
0 0 397.2643815728002 320.05738119823377 -3.094493427850454 699.4956773237535 120.0 350.0 0.0 -0.0 395.27799066499443 316.7011789180658 -5.4119503842788514 -0.8739802963749933
0 0 385.2761534236582 319.52598130726716 -11.988228149142003 699.4686001090333 120.0 350.0 0.0 -0.0 390.1080838467271 315.9371443020064 -5.169906818267364 -0.7640346160594031
0 0 375.44580634136173 319.09023339667453 -9.83034708229644 699.5642520894073 120.0 350.0 0.0 -0.0 384.2509807185887 316.1439032688233 -5.857103128138358 0.20675896681687567
0 0 367.17258623690105 318.72350795511977 -8.273220104460682 699.6332745584452 120.0 350.0 0.0 -0.0 377.55711019821206 316.80596656820086 -6.693870520376646 0.6620632993775828
0 0 360.08089315543555 318.40915583540897 -7.091693081465492 699.6856478802891 120.0 350.0 0.0 -0.0 370.0575635660176 317.6741994958984 -7.499546632194411 0.8682329276975447
0 0 353.9181166102857 318.1359796209257 -6.16277654514985 699.7268237855168 120.0 350.0 0.0 -0.0 361.8120252803905 318.56581175191553 -8.245538285627086 0.8916122560171663
