0 0 600.0 350.0 0.0 700.0 120.09445459803817 524.8237095325621 0.09445459803816855 -0.1762904674378283 119.9471741050908 175.19289744639843 -0.05282589490920964 0.19289744639844547 1079.8120985286523 524.9314942552378 -0.18790147134757837 -0.06850574476213794 1079.8235811966651 175.09421467948187 -0.17641880333495652 0.09421467948181926
0 0 600.0 350.0 0.0 700.0 120.30182496890448 524.5068465671576 0.20737037086631588 -0.3168629654045393 120.03901018354473 175.22307088672903 0.09183607845393749 0.030173440330591272 1079.455085733092 524.8013333401898 -0.3570127955603989 -0.1301609150480621 1079.628781913659 175.37573712010897 -0.19479928300616822 0.28152244062705717
0 0 600.0 350.0 0.0 700.0 120.55540235988028 524.4101334045915 0.25357739097578524 -0.09671316256611487 120.19127702684865 175.06273341216547 0.15226684330391888 -0.16033747456352274 1078.94587274574 524.6156827718844 -0.5092129873519374 -0.18565056830539384 1079.281511518789 175.62407511054937 -0.3472703948697877 0.24833799044045712
0 0 600.0 350.0 0.0 700.0 120.63635374637015 524.4584136112132 0.08095138648986935 0.04828020662168088 120.21573721272433 174.75312466499759 0.024460185875689086 -0.30960874716793596 1078.2996795857757 524.3800915156473 -0.646193159964322 -0.2355912562369924 1079.0994845396924 175.9991229442444 -0.18202697909660523 0.3750478336949852
0 0 600.0 350.0 0.0 700.0 120.88941173536901 524.5886259982077 0.2530579889988657 0.13021238699449883 120.13888998047621 174.64833427349492 -0.07684723224812895 -0.10479039150271113 1077.5302042704602 524.099553640272 -0.7694753153154682 -0.28053787537543107 1078.8735251253852 176.52676919084 -0.22595941430716196 0.5276462465956516
0 0 600.0 350.0 0.0 700.0 120.96248729572076 524.5790293702385 0.07307556035175111 -0.009596627969222449 120.23480381066629 174.66693794331354 0.09591383019009064 0.01860366981866128 1076.6497750153287 523.778563807672 -0.8804292551314998 -0.3209898326000259 1078.7268704970759 177.15303797726597 -0.14665462830935908 0.6262687864260088
0 0 600.0 350.0 0.0 700.0 121.208999293795 524.4847675913699 0.24651199807423604 -0.09426177886862862 120.2093923178654 174.51780319860234 -0.025411492800896232 -0.14913474471121063 1075.6694872143628 523.4211672135698 -0.9802878009659282 -0.35739659410216124 1078.7571732597646 177.83356157759272 0.03030276268873186 0.68052360032671
0 0 600.0 350.0 0.0 700.0 121.26902211664738 524.2824225451773 0.06002282285236982 -0.2023450461925839 120.12400155082875 174.57355876022177 -0.08539076703664754 0.055755561619481864 1074.5993267221459 523.0310045341157 -1.0701604922169137 -0.39016267945408306 1078.866130844043 178.62859115044887 0.1089575842783907 0.7950295728561054
0 0 600.0 350.0 0.0 700.0 121.27592786289456 523.9059407193148 0.00690574624719105 -0.3764818258624138 119.99449470737169 174.6934137449265 -0.12950684345706276 0.11985498470473568 1073.448280807803 522.6113523778449 -1.1510459143428007 -0.4196521562708127 1078.9910602521334 179.14593064982716 0.12492940809024328 0.5173394993782625
0 0 600.0 350.0 0.0 700.0 121.36416346735083 523.749514994172 0.08823560445626692 -0.15642572514278402 120.06785426874491 174.73857741713346 0.07335956137321968 0.04516367220697806 1072.224438013547 522.165159692439 -1.223842794256099 -0.44619268540586937 1078.9451498364413 179.73370929226542 -0.045910415692001244 0.5877786424383027
