0 0 600.0 350.0 0.0 700.0 120.0 350.0 0.0 -0.0 1078.5 350.0 -1.5 -0.0
0 0 600.0 350.0 0.0 700.0 120.0 350.0 0.0 -0.0 1075.65 350.0 -2.85 -0.0
0 0 600.0 350.0 0.0 700.0 120.0 350.0 0.0 -0.0 1071.585 350.0 -4.0649999999999995 -0.0
0 0 600.0 350.0 0.0 700.0 120.0 350.0 0.0 -0.0 1066.4265 350.0 -5.1585 -0.0
0 0 600.0 350.0 0.0 700.0 120.0 350.0 0.0 -0.0 1060.28385 350.0 -6.142650000000001 -0.0
0 0 600.0 350.0 0.0 700.0 120.0 350.0 0.0 -0.0 1053.255465 350.0 -7.028385000000001 -0.0
0 0 600.0 350.0 0.0 700.0 120.0 350.0 0.0 -0.0 1045.4299185 350.0 -7.825546500000001 -0.0
0 0 600.0 350.0 0.0 700.0 120.0 350.0 0.0 -0.0 1036.88692665 350.0 -8.54299185 -0.0
0 0 600.0 350.0 0.0 700.0 120.0 350.0 0.0 -0.0 1027.6982339850001 350.0 -9.188692665000001 -0.0
0 0 600.0 350.0 0.0 700.0 120.0 350.0 0.0 -0.0 1017.9284105865001 350.0 -9.769823398500002 -0.0
0 0 600.0 350.0 0.0 700.0 120.0 350.0 0.0 -0.0 1007.9284105865001 350.0 -10.0 -0.0
0 0 600.0 350.0 0.0 700.0 120.0 350.0 0.0 -0.0 997.9284105865001 350.0 -10.0 -0.0
0 0 600.0 350.0 0.0 700.0 120.0 350.0 0.0 -0.0 987.9284105865001 350.0 -10.0 -0.0
0 0 600.0 350.0 0.0 700.0 120.0 350.0 0.0 -0.0 977.9284105865001 350.0 -10.0 -0.0
0 0 600.0 350.0 0.0 700.0 120.0 350.0 0.0 -0.0 967.9284105865001 350.0 -10.0 -0.0
0 0 600.0 350.0 0.0 700.0 120.0 350.0 0.0 -0.0 957.9284105865001 350.0 -10.0 -0.0
0 0 600.0 350.0 0.0 700.0 120.0 350.0 0.0 -0.0 947.9284105865001 350.0 -10.0 -0.0
0 0 600.0 350.0 0.0 700.0 120.0 350.0 0.0 -0.0 937.9284105865001 350.0 -10.0 -0.0
0 0 600.0 350.0 0.0 700.0 120.0 350.0 0.0 -0.0 927.9284105865001 350.0 -10.0 -0.0
0 0 600.0 350.0 0.0 700.0 120.0 350.0 0.0 -0.0 917.9284105865001 350.0 -10.0 -0.0
0 0 600.0 350.0 0.0 700.0 120.0 350.0 0.0 -0.0 907.9284105865001 350.0 -10.0 -0.0
0 0 600.0 350.0 0.0 700.0 120.0 350.0 0.0 -0.0 897.9284105865001 350.0 -10.0 -0.0
0 0 600.0 350.0 0.0 700.0 120.0 350.0 0.0 -0.0 887.9284105865001 350.0 -10.0 -0.0
0 0 600.0 350.0 0.0 700.0 120.0 350.0 0.0 -0.0 877.9284105865001 350.0 -10.0 -0.0
0 0 600.0 350.0 0.0 700.0 120.0 350.0 0.0 -0.0 867.9284105865001 350.0 -10.0 -0.0
0 0 600.0 350.0 0.0 700.0 120.0 350.0 0.0 -0.0 857.9284105865001 350.0 -10.0 -0.0
0 0 600.0 350.0 0.0 700.0 120.0 350.0 0.0 -0.0 847.9284105865001 350.0 -10.0 -0.0
0 0 600.0 350.0 0.0 700.0 120.0 350.0 0.0 -0.0 837.9284105865001 350.0 -10.0 -0.0
0 0 600.0 350.0 0.0 700.0 120.0 350.0 0.0 -0.0 827.9284105865001 350.0 -10.0 -0.0
0 0 600.0 350.0 0.0 700.0 120.0 350.0 0.0 -0.0 817.9284105865001 350.0 -10.0 -0.0
0 0 600.0 350.0 0.0 700.0 120.0 350.0 0.0 -0.0 807.9284105865001 350.0 -10.0 -0.0
0 0 600.0 350.0 0.0 700.0 120.0 350.0 0.0 -0.0 797.9284105865001 350.0 -10.0 -0.0
0 0 600.0 350.0 0.0 700.0 120.0 350.0 0.0 -0.0 787.9284105865001 350.0 -10.0 -0.0
0 0 600.0 350.0 0.0 700.0 120.0 350.0 0.0 -0.0 777.9284105865001 350.0 -10.0 -0.0
0 0 600.0 350.0 0.0 700.0 120.0 350.0 0.0 -0.0 767.9284105865001 350.0 -10.0 -0.0
0 0 600.0 350.0 0.0 700.0 120.0 350.0 0.0 -0.0 757.9284105865001 350.0 -10.0 -0.0
0 0 600.0 350.0 0.0 700.0 120.0 350.0 0.0 -0.0 747.9284105865001 350.0 -10.0 -0.0
0 0 600.0 350.0 0.0 700.0 120.0 350.0 0.0 -0.0 737.9284105865001 350.0 -10.0 -0.0
0 0 600.0 350.0 0.0 700.0 120.0 350.0 0.0 -0.0 727.9284105865001 350.0 -10.0 -0.0
0 0 600.0 350.0 0.0 700.0 120.0 350.0 0.0 -0.0 717.9284105865001 350.0 -10.0 -0.0
0 0 600.0 350.0 0.0 700.0 120.0 350.0 0.0 -0.0 707.9284105865001 350.0 -10.0 -0.0
0 0 600.0 350.0 0.0 700.0 120.0 350.0 0.0 -0.0 697.9284105865001 350.0 -10.0 -0.0
0 0 600.0 350.0 0.0 700.0 120.0 350.0 0.0 -0.0 687.9284105865001 350.0 -10.0 -0.0
0 0 600.0 350.0 0.0 700.0 120.0 350.0 0.0 -0.0 677.9284105865001 350.0 -10.0 -0.0
0 0 600.0 350.0 0.0 700.0 120.0 350.0 0.0 -0.0 667.9284105865001 350.0 -10.0 -0.0
0 0 600.0 350.0 0.0 700.0 120.0 350.0 0.0 -0.0 657.9284105865001 350.0 -10.0 -0.0
0 0 600.0 350.0 0.0 700.0 120.0 350.0 0.0 -0.0 647.9284105865001 350.0 -10.0 -0.0
0 0 600.0 350.0 0.0 700.0 120.0 350.0 0.0 -0.0 637.9284105865001 350.0 -10.0 -0.0
0 0 600.0 350.0 0.0 700.0 120.0 350.0 0.0 -0.0 627.9284105865001 350.0 -10.0 -0.0
0 0 588.1138813052717 348.35070246018853 -11.886118694728394 698.3507024601886 120.0 350.0 0.0 -0.0 618.6284105865002 350.0 -9.3 -0.0
0 0 578.3672639755944 346.9982784775431 -9.746617329677282 698.6475760173546 120.0 350.0 0.0 -0.0 608.7605968155494 349.91904379239287 -9.867813770950807 -0.0809562076071274
0 0 570.164510830938 345.86007845374877 -8.202753144656398 698.8617999762056 120.0 350.0 0.0 -0.0 598.7627706591895 349.7105440389043 -9.99782615635995 -0.20849975348857064
0 0 563.1332210803407 344.88442869076056 -7.0312897505972005 699.0243502370117 120.0 350.0 0.0 -0.0 588.769604140029 349.3409186605453 -9.99316651916063 -0.3696253783589997
0 0 557.0229358410677 344.0365759415575 -6.110285239272987 699.1521472507969 120.0 350.0 0.0 -0.0 578.7854153382217 348.77880304088484 -9.984188801807273 -0.5621156196604445
0 0 551.6562007082994 343.2918969358514 -5.366735132768353 699.2553209942939 120.0 350.0 0.0 -0.0 568.8164460840509 347.99162325875346 -9.968969254170846 -0.7871797821313591
0 0 546.9022476579563 342.63224652584944 -4.753953050343046 699.340349589998 120.0 350.0 0.0 -0.0 558.8721858558326 346.9372568549466 -9.944260228218251 -1.0543664038068803
0 0 542.661697806996 342.0438350673858 -4.240549850960309 699.4115885415364 120.0 350.0 0.0 -0.0 549.6223788701093 345.99236826250456 -9.24980698572337 -0.9448885924420374
0 0 538.8571264641824 341.515919242473 -3.804571342813536 699.4720841750872 120.0 350.0 0.0 -0.0 540.9975848211346 345.14636646820156 -8.62479404897466 -0.8460017943029742
0 0 535.4269638649124 341.03995573567755 -3.430162599270084 699.5240364932046 120.0 350.0 0.0 -0.0 532.9353073539298 344.3896876428972 -8.062277467204817 -0.7566788253043742
0 0 532.3213984820937 340.60903278453134 -3.1055653828186416 699.5690770488538 120.0 350.0 0.0 -0.0 525.3792996306023 343.7136963146819 -7.556007723327538 -0.6759913282152816
0 0 520.5577541858981 342.9789848668709 -11.763644296195562 702.3699520823395 120.0 350.0 0.0 -0.0 518.2789393522835 343.1105957567671 -7.100360278318871 -0.6031005579147728
0 0 510.9115658630178 344.92234557438934 -9.64618832288036 701.9433607075184 120.0 350.0 0.0 -0.0 513.3861196910384 342.4813182313427 -4.892819661245098 -0.6292775254244114
0 0 502.7933337704817 346.5578779458369 -8.11823209253611 701.6355323714475 120.0 350.0 0.0 -0.0 507.9147124800358 342.9683699474714 -5.4714072110025995 0.48705171612871034
0 0 495.83449432979904 347.9598343130866 -6.958839440682628 701.4019563672498 120.0 350.0 0.0 -0.0 501.762110215374 344.26764112541696 -6.152602264661802 1.2992711779455437
0 0 489.7871693830121 349.17815322764756 -6.047324946786937 701.2183189145609 120.0 350.0 0.0 -0.0 494.9515590582179 346.2300416396719 -6.810551157156051 1.962400514254987
0 0 484.47573301297297 350.24821700792177 -5.311436370039159 701.0700637802743 120.0 350.0 0.0 -0.0 487.5193759013163 348.7398460221374 -7.432183156901587 2.5098043824654477
0 0 479.7707646274686 351.1960992578274 -4.704968385504363 700.9478822499057 120.0 350.0 0.0 -0.0 479.4864029128043 351.66473460285164 -8.032972988512011 2.9248885807142346
0 0 475.5739093420586 352.04161495623663 -4.19685528541006 700.8455156984093 120.0 350.0 0.0 -0.0 471.9567281554444 354.29638640859605 -7.529674757359883 2.63165180574441
0 0 471.8085402484278 352.8002016747345 -3.765369093630799 700.7585867184979 120.0 350.0 0.0 -0.0 464.8800236381951 356.66358516066987 -7.076704517249306 2.367198752073798
0 0 468.4137219959546 353.48413569926254 -3.394818252473199 700.6839340245281 120.0 350.0 0.0 -0.0 458.2109948562328 358.7922835574565 -6.669028781962324 2.1286983967866413
0 0 465.340156314816 354.10334886168175 -3.0735656811385814 700.6192131624192 120.0 350.0 0.0 -0.0 451.9088772510535 360.70588072861807 -6.3021176051792445 1.9135971711615487
0 0 453.37503973233174 353.1890266167591 -11.965116582484251 699.0856777550773 120.0 350.0 0.0 -0.0 445.9369830691634 362.4254728988095 -5.971894181890173 1.7195921701914618
0 0 443.56364413469464 352.4392823759225 -9.811395597637084 699.2502557591635 120.0 350.0 0.0 -0.0 441.503087430155 362.80482583807475 -4.433895639008342 0.37935293926523017
0 0 435.30637359972326 351.80829762283446 -8.257270534971369 699.3690152469119 120.0 350.0 0.0 -0.0 437.805042337843 361.6750308633132 -3.698045092311969 -1.1297949747615512
0 0 428.2283522748618 351.26742597292247 -7.078021324861467 699.459128350088 120.0 350.0 0.0 -0.0 434.1085634773928 359.20411753131515 -3.696478860450199 -2.4709133319980685
0 0 422.07745666984323 350.7974012440286 -6.150895605018572 699.5299752711062 120.0 350.0 0.0 -0.0 429.8887754348272 355.7750454860857 -4.219788042565579 -3.429072045229451
0 0 416.6750529769231 350.38457301636885 -5.402403692920109 699.5871717723403 120.0 350.0 0.0 -0.0 424.82597336300887 351.8827831753607 -5.062802071818323 -3.892262310724931
0 0 411.8895040575573 350.01888215151365 -4.785548919365805 699.6343091351448 120.0 350.0 0.0 -0.0 418.79416621187227 348.1085768107649 -6.031807151136606 -3.7742063645958197
0 0 407.62077053371326 349.6926840746632 -4.268733523844026 699.6738019231495 120.0 350.0 0.0 -0.0 413.06553977616454 344.7117773298008 -5.728626435707712 -3.3967994809641016
0 0 403.7909131317901 349.40002300501794 -3.829857401923143 699.7073389303547 120.0 350.0 0.0 -0.0 407.6097760692882 341.65488397468965 -5.4557637068763 -3.05689335511115
0 0 400.33795288032076 349.13616277875207 -3.4529602514693365 699.7361397737341 120.0 350.0 0.0 -0.0 402.39958906426625 338.90412571276755 -5.210187005021975 -2.7507582619221163
0 0 397.21174719330935 348.89727171721216 -3.1262056870113946 699.7611089384601 120.0 350.0 0.0 -0.0 397.41042145813975 336.4290906065282 -4.989167606126516 -2.4750351062393783
0 0 385.43398769384993 346.5984935258911 -11.777759499459425 697.701221808679 120.0 350.0 0.0 -0.0 392.62017176868915 334.20239185941824 -4.790249689450582 -2.2266987471099515
0 0 375.7762249042932 344.71349540900786 -9.657762789556728 698.1150018831167 120.0 350.0 0.0 -0.0 387.55664840306105 333.49607125490803 -5.0635233656280905 -0.706320604510233
0 0 367.64825174060223 343.1270809938389 -8.12797316369094 698.413585584831 120.0 350.0 0.0 -0.0 381.9131771451446 333.89476746170214 -5.643471257916466 0.3986962067941
0 0 360.68106238464566 341.7672278785658 -6.967189355956555 698.640146884727 120.0 350.0 0.0 -0.0 375.57478103526665 335.06859962205897 -6.338396109877922 1.1738321603568476
0 0 354.6264812493276 340.58549725551376 -6.054581135318085 698.818269376948 120.0 350.0 0.0 -0.0 368.5022204500641 336.7403247806389 -7.072560585202529 1.671725158579913
0 0 349.30867168386544 339.54756940045405 -5.31780956546215 698.9620721449403 120.0 350.0 0.0 -0.0 360.69139218792577 338.64545342143515 -7.810828262138313 1.90512864079623
0 0 344.59805780420646 338.6281537463314 -4.710613879659005 699.0805843458774 120.0 350.0 0.0 -0.0 352.1663354673288 340.47857726509665 -8.525056720597 1.8331238436615154
0 0 340.39616670983014 337.80803039345585 -4.201891094376313 699.1798766471245 120.0 350.0 0.0 -0.0 344.1939476386613 342.1382834341491 -7.972387828667461 1.6597061690524704
0 0 336.626279547752 337.07222538807054 -3.7698871620781134 699.2641949946147 120.0 350.0 0.0 -0.0 336.718990836541 343.6427572007956 -7.474956802120275 1.504473766646478
0 0 333.2273878509897 336.4088311230121 -3.3988916967623166 699.3366057349415 120.0 350.0 0.0 -0.0 329.69175069958374 345.00829628534524 -7.027240136957313 1.365539084549667
0 0 330.1501341966991 335.8082140370569 -3.077253654290587 699.3993829140448 120.0 350.0 0.0 -0.0 323.0674837958469 346.24950723767256 -6.624266903736812 1.2412109523273238
0 0 318.2872032606999 333.9996594739559 -11.862930935999183 698.191445436899 120.0 350.0 0.0 -0.0 316.805920366531 347.37948095361907 -6.261563429315924 1.1299737159464942
0 0 308.5595998931806 332.516644732213 -9.727603367519329 698.5169852582571 120.0 350.0 0.0 -0.0 311.335570150726 346.90556621225255 -5.470350215804979 -0.4739147413665421
0 0 300.3728488990763 331.26853952556223 -8.186750994104267 698.7518947933493 120.0 350.0 0.0 -0.0 306.1281083707982 345.00620190885036 -5.2074617799278275 -1.8993643034022003
0 0 293.3552759768635 330.19868051695516 -7.017572922212818 698.9301409913929 120.0 350.0 0.0 -0.0 300.861790609611 341.91327797978016 -5.266317761187211 -3.092923929070174
0 0 287.25691084570434 329.2689586678677 -6.098365131159165 699.0702781509125 120.0 350.0 0.0 -0.0 295.3128226817145 337.86668851200864 -5.548967927896483 -4.046589467771549
0 0 281.90064528358545 328.4523730723 -5.356265562118905 699.1834144044324 120.0 350.0 0.0 -0.0 289.2931420869546 333.1301689191383 -6.019680594759905 -4.736519592870291
0 0 277.1559663721916 327.72902647760554 -4.744678911393868 699.2766534053055 120.0 350.0 0.0 -0.0 282.6078818089799 328.06522727400784 -6.685260277974717 -5.0649416451304825
0 0 272.9236890994672 327.0837977044474 -4.232277272724416 699.3547712268419 120.0 350.0 0.0 -0.0 276.292111441582 323.53080895479013 -6.315770367397932 -4.534418319217682
0 0 269.1265398163378 326.5049060544978 -3.797149283129381 699.4211083500503 120.0 350.0 0.0 -0.0 270.30897008508 319.47493381893315 -5.983141356501996 -4.055875135856988
0 0 265.7030688701461 325.9829832653673 -3.423470946191682 699.4780772108695 120.0 350.0 0.0 -0.0 264.6252795978852 315.8507373451765 -5.6836904871947596 -3.624196473756619
0 0 262.6035619074614 325.5104501712298 -3.099506962684698 699.5274669058625 120.0 350.0 0.0 -0.0 259.2111762648249 312.6159675450703 -5.4141033330602735 -3.234769800106225
0 0 251.03128776142606 328.6857408805982 -11.572274146035376 703.1752907093684 120.0 350.0 0.0 -0.0 254.0397793400665 309.732530876667 -5.171396924758412 -2.883436668403279
0 0 241.54202296167705 331.2894792622803 -9.489264799749009 702.6037383816821 120.0 350.0 0.0 -0.0 249.15036731891155 308.6188906165948 -4.889412021154968 -1.1136402600722286
0 0 233.5558577062083 333.4807854843039 -7.986165255468764 702.1913062220236 120.0 350.0 0.0 -0.0 244.27264949933848 309.03866758142277 -4.877717819573071 0.4197769648279479
0 0 226.7102241832815 335.35914372666696 -6.845633522926792 701.878358242363 121.48437593693913 349.7840646443121 1.4843759369391363 -0.2159353556879028 239.2803731549998 310.79022017609805 -4.992276344338677 1.7515525946752777
0 0 220.76127669963395 336.9914622698479 -5.948947483647534 701.6323185431809 124.30641557634192 349.38600012649135 2.822039639402785 -0.3980645178207003 234.10411065079708 313.7019897108371 -5.176262504202722 2.9117695347390455
0 0 215.5362464083666 338.4251467756469 -5.225030291267347 701.4336845057991 128.33401818009037 348.83656264969255 4.027602603748455 -0.5494374767987728 228.69981032238715 317.62411411568934 -5.4043003284099385 3.9221244048522292
0 0 210.9078181224914 339.69513097664793 -4.628428285875196 701.269984201001 133.44828230261643 348.1642410156029 5.1142641225260785 -0.6723216340896657 223.03381527840884 322.42154171624753 -5.6659950439783096 4.797427600558218
0 0 206.7792369880117 340.82796322325333 -4.128581134479703 701.1328322466054 139.5422338467554 347.39611923384587 6.093951544138983 -0.7681217817570428 217.93441973882835 326.73922655674994 -5.099395539580478 4.317684840502396
0 0 203.07512265784646 341.84432696218545 -3.7041143301652215 701.0163637389321 146.51968404753453 346.5589738701898 6.977450200779117 -0.8371453636560509 213.34496375320592 330.6251429132021 -4.589455985622431 3.885916356452157
0 0 199.735531073435 342.7606701110988 -3.3395915844114628 700.9163431489134 154.2942041601797 345.68093036602687 7.774520112645182 -0.8780435041629293 209.21445336614573 334.12246763400907 -4.130510387060188 3.4973247208069416
0 0 196.7119659457913 343.59029945947253 -3.0235651276437 700.8296293483737 162.78818438657106 344.79449303144514 8.493980226391352 -0.8864373345817448 205.49699401779156 337.2700598827353 -3.717459348354169 3.1475922487262475
0 0 184.91177907768855 345.7710309601061 -11.800186868102745 702.1807315006336 171.93182245298718 343.94348739584666 9.143638066416129 -0.8510056355984565 202.1512806042728 340.1028929065889 -3.345713413518752 2.832833023853623
0 0 175.2356258458443 347.5592307906256 -9.676153231844252 701.7881998305195 181.64644625683482 343.386715611263 9.714623803847656 -0.5567717845836542 197.71518237636653 343.1209508502053 -4.436098227906273 3.0180579436163932
0 0 167.09217528592418 349.0641797679908 -8.14345055992012 701.5049489773652 189.13243370164477 343.70385910459163 7.48598744480994 0.3171434933285986 192.2511019013862 346.1277486583699 -5.464080474980333 3.0067978081646123
0 0 160.1117189139362 350.35420180487404 -6.9804563719880015 701.2900220368832 194.41230849504367 344.3437642154815 5.2798747933989025 0.6399051108898579 185.8435431031171 349.0077591874073 -6.407558798269099 2.880010529037386
0 0 154.04560856348098 351.4752482828171 -6.066110350455216 701.1210464779431 197.68670744619212 345.1785767439413 3.2743989511484504 0.83481252845977 178.57878948261063 351.67815038452954 -7.264753620506469 2.670391197122226
0 0 148.71767275325172 352.4598765420634 -5.32793581022925 700.9846282592463 199.14904008577628 346.1441144703927 1.462332639584155 0.9655377264514432 170.54056252261773 354.06909710997945 -8.038226959992894 2.3909467254499
0 0 143.9980888590479 353.33207843030584 -4.719583894203815 700.8722018882424 198.97676569734458 347.19949461103096 -0.17227438843169995 1.0553801406382444 161.81021989609144 356.1106386216699 -8.73034262652629 2.0415415116904505
0 0 139.78819646692247 354.11008686834185 -4.209892392125428 700.778008438036 197.3309642373927 348.31562260540926 -1.6458014599518926 1.116127994378303 153.95291153221777 357.9480259821913 -7.857308363873662 1.8373873605214055
0 0 136.01113063481534 354.80810686854267 -3.7770658321071204 700.6980200002008 194.35729069477003 349.4704253419159 -2.973673542622662 1.1548027365066773 146.88133400473149 359.6016746066606 -7.071577527486296 1.653648624469265
0 0 132.60576672259765 355.4374345594937 -3.4053639122176826 700.6293276909511 190.18722223421247 350.646401652725 -4.170068460557554 1.1759763108090835 140.51691422999383 361.0899583686829 -6.364419774737667 1.4882837620223386
0 0 129.5226533203544 356.0072088004823 -3.083113402243237 700.5697742409886 184.93932604945246 351.8291572095684 -5.247896184760016 1.1827555568433765 134.78893643272994 362.429413754503 -5.7279777972639 1.3394553858201048
0 0 117.52683663441012 355.69037755640977 -11.995816685944291 699.6831687559275 178.7204645186197 353.0064072689336 -6.21886153083275 1.1772500593651654 129.63375641519244 363.6349236017411 -5.155180017537511 1.2055098472380943
0 0 107.6902669519358 355.43057593627026 -9.836569682474316 699.7401983798605 171.62492985635095 354.1316595677101 -7.09553466226877 1.1252522987765137 123.73999307177574 363.89694269730444 -5.893763343416696 0.2620190955633219
0 0 99.4118099071654 355.21192689276086 -8.278457044770384 699.7813509564905 163.73925812882104 355.1748548128788 -7.885671727529903 1.043195245168702 117.10888148257861 363.432901405832 -6.631111589197136 -0.46404129147243
0 0 92.31562779085091 355.02450387130773 -7.096182116314492 699.8125769785469 155.14215382313762 356.1145949873855 -8.597104305683404 0.9397401745066948 109.78049907833638 362.3833141783026 -7.3283824042422285 -1.0495872275294058
0 0 86.14895021411947 354.8616307481531 -6.166677576731446 699.8371268768453 145.90498568501084 356.93433884616275 -9.237168138126766 0.8197438587772545 101.80264853409301 360.8562519256755 -7.9778505442433705 -1.527062252627092
0 0 80.73268503049326 354.7185773753581 -5.416265183626216 699.8569466272049 136.0924358951536 357.6201103325031 -9.812549789857227 0.6857714863403528 93.22178559671306 358.945457168439 -8.580862937379951 -1.9107947572365056
0 0 75.93485734677736 354.59185805697615 -4.797827683715892 699.8732806816181 126.10600702895653 358.140915958803 -9.986428866197082 0.520805626299942 84.07817807555908 356.7448680807063 -9.143607521153985 -2.2005890877327383
0 0 71.65517110384181 354.4788237924414 -4.279686242935558 699.8869657354652 116.11199184214175 358.48683566872927 -9.994015186814785 0.3459197099262536 75.8489313065205 354.76433790174684 -8.229246769038587 -1.9805301789594645
0 0 67.81548705144972 354.37741078263855 -3.8396840523920894 699.8985869901971 106.11340969318566 358.6552251297312 -9.998582148956094 0.1683894610019146 68.44260921438577 352.9818607406833 -7.406322092134729 -1.7824771610635182
0 0 64.35366719245106 354.2859778505259 -3.4618198589986706 699.9085670678874 96.11341986532014 358.64096179961547 -9.999989827865527 -0.014263330115718415 61.77691933146451 351.37763129572613 -6.665689882921256 -1.6042294449571664
0 0 61.21944028497206 354.2031972415603 -3.1342269074789937 699.9172193910343 86.11555280371338 358.43443282237786 -9.99786706160675 -0.20652897723761032 55.77779843683538 349.9338247952647 -5.99912089462913 -1.4438065004614498
0 0 58.26559103690576 354.53537802856795 -2.9538492480662955 700.3321807870077 76.12424863628392 358.01749033964575 -9.991304167429456 -0.41694248273209095 50.378589631669165 348.63439894484935 -5.399208805166217 -1.299425850415305
0 0 55.57677498450525 354.8377539988345 -2.688816052400512 700.3023759702666 66.14421798964874 357.38583513922197 -9.980030646635187 -0.6316552004238066 45.51930170701957 347.46491567947555 -4.859287924649595 -1.1694832653737743
0 0 53.12204093272705 355.1138058284084 -2.4547340517781975 700.2760518295739 56.18282795774557 356.5079350126129 -9.961390031903168 -0.8779001266090477 41.14594257483493 346.41238074063915 -4.3733591321846355 -1.052534938836397
0 0 50.87522794266827 355.36647549588895 -2.2468129900587868 700.2526696674806 46.27493663702042 355.1537970666491 -9.907891320725156 -1.3541379459638203 37.20991935586876 345.4650992956864 -3.936023218966172 -0.9472814449527572
0 0 48.814023625045536 355.598272183841 -2.06120431762273 700.231796687952 38.85623399883039 354.00434619420963 -7.418702638190025 -1.149450872439455 33.66749845879921 344.6125459952289 -3.542420897069555 -0.8525533004574816
0 0 46.919245003351655 355.8113531507087 -1.8947786216938796 700.2130809668678 33.66054679796814 353.2069247294398 -5.195687200862256 -0.797421464769871 30.479319651436608 343.8452480248172 -3.1881788073625996 -0.7672979704117334
0 0 45.17428126345934 356.00758639747875 -1.7449637398923112 700.19623324677 30.45630068139145 352.77836777885 -3.2042461165766873 -0.4285569505898016 27.60995872481027 343.15467985144664 -2.8693609266263396 -0.6905681733705601
0 0 43.56465626501669 356.18859986630076 -1.6096249984426534 700.181013468822 29.037628155971063 352.71412953499254 -1.418672525420388 -0.06423824385744015 25.027533890846563 342.5331684954131 -2.5824248339637057 -0.621511356033504
0 0 42.077681007496324 356.35582052308524 -1.486975257520367 700.1672206567845 29.2196772316558 353.0052334292829 0.1820490756847386 0.291103894290377 22.70335154027923 341.97380827498296 -2.324182350567335 -0.5593602204301537
0 0 40.702174594064815 356.51050573704697 -1.3755064134315123 700.1546852139617 30.835048580165804 353.64547135852905 1.6153713485100045 0.6402379292461542 20.61158742476863 341.4703840765958 -2.0917641155106015 -0.5034241983871383
0 0 39.428238006072334 356.653768721329 -1.2739365879924818 700.143262984282 33.72938708783281 354.63995260919796 2.894338507667011 0.9944812506689308 18.72899972080909 341.01730229804735 -1.8825877039595413 -0.45308177854842446
0 0 37.726674815080464 358.27919167944583 -1.7015631909918718 701.6254229581168 37.74858577372008 356.0347580825463 4.019198685887267 1.3948054733483295 17.034670787245503 340.60952869735377 -1.6943289335635872 -0.40777360069358204
0 0 36.167245757598025 359.7688406122656 -1.5594290574824414 701.4896489328197 41.35122175552904 358.79001153598 3.602635981808962 2.755253453433662 15.509774747038275 340.2425324567295 -1.5248960402072285 -0.36699624062422387
0 0 34.735012907560034 361.13698501509776 -1.432232850037993 701.3681444028322 43.11963899042584 361.54804921905577 1.7684172348967988 2.7580376830757585 14.13736831085177 339.91223584016774 -1.3724064361865056 -0.3302966165618015
0 0 33.417082038811415 362.395942133244 -1.3179308687486178 701.2589571181462 43.21301391610089 363.9568324366722 0.09337492567504846 2.4087832176164174 12.902202518283914 339.6149688852621 -1.235165792567855 -0.29726695490562133
0 0 32.20224778942916 363.5564159197635 -1.2148342493822564 701.1604737865194 41.81573833915029 365.88870393185556 -1.3972755769505953 1.9318714951833966 11.790553304972844 339.34742862584704 -1.1116492133110696 -0.2675402594150592
0 0 31.08071325027561 364.62776489928535 -1.1215345391535476 701.0713489795219 39.10047576200786 367.2737383549636 -2.7152625771424352 1.3850344231080165 10.790069012992882 339.1066423923735 -1.0004842919799626 -0.2407862334735533
0 0 30.043865883088262 365.618216222875 -1.0368473671873477 700.9904513235896 35.2322674960781 368.0502909600561 -3.8682082659297574 0.7765526050925029 10.823129692045681 340.06406603827554 0.033060679052799524 0.9574236459020764
0 0 29.084096629453256 366.53503846468874 -0.9597692536350062 700.9168222418137 30.39269280782142 368.1125350262598 -4.839574688256682 0.06224406620373035 10.8528843031932 340.9257473195874 0.029754611147519573 0.8616812813118688
0 0 28.194652529370444 367.3846824084987 -0.889444100082812 700.84964394381 25.079386070023535 367.01407177717357 -5.313306737797885 -1.098463249086247 10.879663453225968 341.70126047276807 0.026779150032767617 0.7755131531806819
0 0 27.369515619666032 368.1728967303196 -0.825136909704411 700.7882143218209 21.78690669187871 366.2026542400506 -3.292479378144826 -0.8114175371229766 10.903764688255459 342.3992223106307 0.024101235029490856 0.6979618378626138
0 0 26.603302646882348 368.90482379794946 -0.7662129727836853 700.7319270676298 20.238167914405544 365.97158833907736 -1.5487387774731667 -0.23106590097322788 10.925455799782 343.02738796470703 0.02169111152654177 0.6281656540763524
0 0 30.952358345689216 365.92838479359415 4.349055698806867 697.0235609956446 20.20660986292524 366.391418842728 -0.03155805148030333 0.41983050365064845 10.944977800155888 343.59273705337574 0.019522000373887596 0.5653490886687171
0 0 34.81127309624184 363.28739208771134 3.8589147505526236 697.3590072941172 21.67681699326612 366.7046912532547 1.4702071303408764 0.3132724105266781 11.963374646381839 345.21884493861774 1.018396846225951 1.6261078852420008
0 0 38.25820561237746 360.9283548398735 3.4469325161356186 697.6409627521622 24.451674150022022 366.60894334068024 2.7748571567559015 -0.09574791257445203 12.879931807985194 346.6823420353355 0.9165571616033559 1.4634970967178007
0 0 41.35434763743722 358.8093941907975 3.0961420250597604 697.881039350924 28.33622023442972 365.95202815072844 3.8845460844076998 -0.6569151899518092 13.704833253428214 347.99948942238154 0.8249014454430204 1.3171473870460206
0 0 44.14855972786262 356.8970705903743 2.7942120904253978 698.0876763995768 33.14737437957627 364.6392712676948 4.81115414514655 -1.3127568830336418 14.447244554326932 349.18492207072296 0.7424113008987183 1.1854326483414186
0 0 46.6805086940562 355.1642365726166 2.531948966193583 698.2671659822423 38.704089897080785 362.59450329526675 5.556715517504512 -2.044767972428091 15.115414725135778 350.2518114542302 0.6681701708088466 1.0668893835072768
0 0 48.98285699877755 353.5885383589414 2.3023483047213484 698.4243017863248 44.802704004685566 359.7317935249269 6.098614107604785 -2.8627097703398214 15.71676787886374 351.21201189938677 0.6013531537279619 0.9602004451565491
0 0 51.082830816164595 352.15134269830395 2.0999738173870464 698.5628043393625 51.13529985105726 355.9152221826588 6.332595846371695 -3.8165713422681256 17.75417256111266 352.1830797556024 2.0374046822489196 0.9710678562156607
0 0 53.00336848721167 350.83695087871735 1.92053767104707 698.6856081804134 56.81372792307957 350.9804536991617 5.67842807202231 -4.934768483497085 21.087836095058854 353.05561245893375 3.3336635339461944 0.8725327033313105
0 0 54.763978192313495 349.6320117469538 1.76060970510183 698.7950608682364 60.425375833760356 346.48271024060796 3.611647910680789 -4.497743458553752 24.08813327561043 353.8408918919319 3.0002971805515752 0.7852794329981795
0 0 56.38138952157397 348.5250757820229 1.6174113292604768 698.8930640350691 62.36502433949045 343.16392739701183 1.939648505730101 -3.318782843596147 26.788400738106848 354.5476433816303 2.700267462496418 0.7067514896983615
0 0 58.754751428234584 348.17696675199875 2.3733619066606124 699.6518909699759 62.993530049049085 341.17797909949127 0.6285057095586288 -1.985948297520567 29.218641454353623 355.18371972235883 2.430240716246776 0.6360763407285254
0 0 60.92878047771523 347.85809454732777 2.174029049480645 699.681127795329 62.78213917029533 340.67366868903235 -0.21139087875375595 -0.5043104104589093 31.40585809897572 355.7561884290145 2.1872166446220986 0.5724687066556728
0 0 62.924598069009505 347.565361220876 1.9958175912942737 699.7072666735482 62.21720050994081 341.6722388883969 -0.564938660354521 0.9985701993645585 33.37435307913561 356.27141026500465 1.9684949801598888 0.5152218359901056
0 0 64.76040754218323 347.2960968270968 1.8358094731737216 699.7307356062208 61.887529072820726 344.06026066135286 -0.32967143712008246 2.3880217729559194 35.14599856127951 356.73510991739573 1.7716454821438998 0.46369965239109506
0 0 66.45200589519766 347.04798436679073 1.6915983530144296 699.7518875396939 62.58670802821124 347.3311827820894 0.699178955390513 3.2709221207365493 36.74047949520902 357.15243960454774 1.5944809339295098 0.41732968715198554
0 0 68.01318713604256 346.81900062608213 1.5611812408449044 699.7710162592914 64.71195919517693 350.16540612426854 2.125251166965693 2.8342233421791714 38.17551233574558 357.5280363229845 1.4350328405365589 0.375596718436787
0 0 69.45606386104485 346.60736900943937 1.4428767250022938 699.7883683833572 67.67811280575206 351.6483633350442 2.9661536105751294 1.4829572107756654 39.46704189222848 357.86607336957763 1.291529556482903 0.3380370465931083
0 0 70.79132630203034 346.41152154435 1.3352624409854945 699.8041525349106 70.8465759371323 351.56843161033106 3.168463131380231 -0.07993172471315946 42.033714777283215 357.64309523010616 2.5666728850547385 -0.22297813947148015
0 0 72.02845297804878 346.2300679843189 1.237126676018428 699.8185464399689 73.68212311373068 349.99657913835335 2.8355471765983817 -1.5718524719777192 44.34372037383248 357.4424149045818 2.3100055965492645 -0.20068032552433215
0 0 73.17588347841934 346.0617704661936 1.1474305003705545 699.8317024818747 75.6311060606901 347.20845658904966 1.9489829469594144 -2.7881225493037163 46.42272541072682 357.26180261160994 2.0790050368943382 -0.18061229297189893
0 0 74.24116131455054 345.90552255760406 1.0652778361312039 699.8437520914105 76.02611028555131 344.0644019431047 0.39500422486121045 -3.1440546459449696 48.293829943931726 357.09925154793524 1.8711045332049046 -0.16255106367470903
0 0 75.80874608241257 346.36768032234005 1.5675847678620247 700.462157764736 75.33750993201443 342.31171446562644 -0.6886003535368777 -1.752687477478251 49.97782402381614 356.952955590628 1.6839940798844142 -0.14629595730723813
0 0 77.25665684473363 346.7945556117473 1.4479107623210539 700.4268752894072 74.89088034563797 342.22427314328627 -0.4466295863764659 -0.08744132234018642 51.493418695712116 356.8212892290515 1.5155946718959727 -0.13166636157651432
0 0 78.59583637504906 347.1893745912369 1.3391795303154304 700.3948189794896 75.17847054837114 343.47768382326774 0.28759020273317515 1.2534106799814677 52.85745390041849 356.70278950363263 1.3640352047063755 -0.11849972541886289
0 0 79.83596794344324 347.5549920974655 1.2401315683941736 700.3656175062285 76.45330676600965 345.70926318531747 1.2748362176385155 2.2315793620497235 54.08508558465423 356.59613975075564 1.227631684235738 -0.1066497528769766
0 0 80.98565789885778 347.89394546753334 1.1496899554145499 700.3389533700679 78.91739781544221 348.4361551011073 2.4640910494325703 2.7268919157898384 55.189954100466394 356.5001549731664 1.1048685158121643 -0.09598477758927894
0 0 82.05258610806239 348.20849889163446 1.0669282092046033 700.3145534241012 82.58604821981544 350.50997574316636 3.6686504043732175 2.073820642059065 56.184335764697344 356.41376867333605 0.9943816642309479 -0.08638629983035105
0 0 83.04363085434164 348.5006802358807 0.9910447462792573 700.2921813442462 85.54912660939691 350.9151554166759 2.963078389581467 0.4051796735094868 57.079279262505196 356.3360210034887 0.8949434978078531 -0.07774766984731594
0 0 83.96497326221898 348.7723118289599 0.9213424078773327 700.2716315930792 87.13579935578615 350.23895751016386 1.5866727463892412 -0.6761979065120278 57.88472841053226 356.26604810062616 0.8054491480270678 -0.06997290286258435
0 0 84.82218517471017 349.0250363702441 0.8572119124911933 700.2527245412842 87.20238694235798 349.0006641079107 0.06658758657183061 -1.238293402253126 58.60963264375662 356.2030724880498 0.724904233224361 -0.06297561257632592
0 0 85.62030355463692 349.26033886489944 0.79811837992675 700.2353024946553 85.76239440081201 347.9015586081665 -1.4399925415459587 -1.0991054997442253 59.26204645365854 356.14639443673116 0.652413809901925 -0.05667805131869333
0 0 86.36389383355232 349.4795653005146 0.7435902789154013 700.2192264356152 84.31039326961337 348.4042287838925 -1.4520011311986465 0.5026701757259983 59.84921888257028 356.09538419054434 0.5871724289117325 -0.051010246186823996
0 0 87.61257169920103 352.95441738156563 1.2486778656487083 703.474852081051 84.33242110452342 349.55248672536237 0.022027834910053334 1.1482579414698433 60.377674068590835 356.0494749689762 0.5284551860205593 -0.045909221568141596
0 0 88.74022275259384 356.0924730141492 1.1276510533928106 703.1380556325836 85.39340304044163 351.6657301255716 1.0609819359182056 2.113243400209218 60.85328373600934 356.00815666956487 0.47560966741850336 -0.04131829941132744
0 0 89.7626130496554 358.93760637410116 1.022390297061557 702.845133359952 87.25290967618427 354.7641680617945 1.8595066357426444 3.0984379362229353 61.28133243668599 355.97097020009465 0.428048700676653 -0.037186469470194695
0 0 90.69275047163916 361.52601611960796 0.9301374219837582 702.5884097455067 89.699486335402 358.8382344979098 2.4465766592177225 4.074066436115271 61.66657626729498 355.9375023775715 0.3852438306089877 -0.03346782252317523
0 0 91.54149660676104 363.8879281507627 0.8487461351218869 702.3619120311547 92.4213591401979 363.91189394709676 2.7218728047958867 5.073659449186961 62.01329571484307 355.90738133730065 0.3467194475480889 -0.030121040270857706
0 0 92.31801630829719 366.04884665111445 0.7765197015361456 702.1609185003517 93.37160079124098 368.43734542762206 0.9502416510430842 4.525451480525282 62.325343217636345 355.88027240105686 0.31204750279328003 -0.027108936243771937
0 0 93.03011435331867 368.03049095003837 0.7120980450214761 701.9816442989239 93.6214373184653 371.1378400526156 0.24983652722432392 2.7004946249935546 62.6061859701503 355.85587435843746 0.280842752513952 -0.024398042619394742
0 0 93.68449182438783 369.8515089881505 0.654377471069173 701.8210180381121 93.56587512052647 372.09472918049556 -0.05556219793882963 0.9568891278799518 64.25157983417338 356.3912012172631 1.645393864023082 0.535326858825631
0 0 94.28694428829348 371.52802881406194 0.6024524639056484 701.6765198259114 93.5950752905105 371.4580220599694 0.029200169984022598 -0.6367071205261621 67.09655378987983 357.4968367558651 2.8449739557064557 1.1056355386020362
0 0 94.84251703977795 373.07409060051646 0.5555727514844669 701.5460617864545 95.1137351079873 371.0359920653105 1.518659817476807 -0.4220299946588574 69.65703035001565 358.49190874060696 2.56047656013581 0.9950719847418327
0 0 95.35562817892281 374.50198914722586 0.5131111391448676 701.4278985467095 96.28266213233562 372.14305737454106 1.168927024348315 1.1070653092305835 71.96145925413788 359.3874735268746 2.3044289041222292 0.8955647862676495
0 0 96.13745912666579 378.1114145011993 0.7818309477429801 703.6094253539734 96.78605857615783 374.53548079272866 0.5033964438222175 2.3924234181876107 74.03544526784789 360.19348183451547 2.0739860137100066 0.8060083076408845
0 0 96.8435061823375 381.3709735544661 0.7060470556717161 703.2595590532668 96.97141462927928 378.1645806712071 0.18535605312145848 3.629099878478403 75.90203268018689 360.91888931139226 1.866587412339006 0.7254074768767961
0 0 97.48364268402221 384.32624787029454 0.6401365016847079 702.9552743158284 97.07844508899962 382.92957847392125 0.10703045972033075 4.764997802714136 77.581961351292 361.57175604058136 1.6799286711051056 0.6528667291891165
0 0 98.06601449029249 387.01484387568354 0.5823718062702805 702.688596005389 97.59271470715517 388.6586750920093 0.5142696181555583 5.729096618088019 79.09389715528658 362.1593360968516 1.5119358039945952 0.5875800562702048
0 0 98.59742325268272 389.46816228912337 0.5314087623902353 702.4533184134398 98.47058405201984 392.37342080848293 0.8778693448646844 3.714745716473641 80.45463937888172 362.68815814749473 1.3607422235951356 0.5288220506431843
0 0 99.08360800045126 391.712698093669 0.4861847477685468 702.2445358045456 99.32609187491214 394.2181194607693 0.8555078228922919 1.844698652286339 82.52062698172526 364.4059439287477 2.065987602843542 1.71778578125297
0 0 99.52945600262503 393.77101400928996 0.4458480021737574 702.0583159156209 99.95154860614294 394.3853245840523 0.6254567312308004 0.16720512328297432 84.38001582428444 365.9519511318754 1.8593888425591878 1.546007203127673
0 0 99.93916334467407 395.6624818161988 0.4097073420490476 701.8914678069088 99.66500252397634 393.29951531132195 -0.2865460821665943 -1.0858092727303403 86.05346578258771 367.34335761469026 1.6734499583032691 1.3914064828149058
0 0 100.31635904824638 397.40385536992426 0.37719570357230847 701.7413735537255 99.5799873436229 393.81229159240524 -0.08501518035343694 0.512776281083275 87.55957074506065 368.5956234492237 1.5061049624729423 1.2522658345334152
0 0 100.66420229828084 399.0097194630602 0.3478432500344616 701.605864093136 99.80474881870023 395.7432232284003 0.2247614750773338 1.9309316359950532 88.9150652112863 369.7226627003038 1.355494466225648 1.1270392510800737
0 0 100.98545952308685 400.4928456755866 0.3212572248060099 701.4831262125264 100.38871146601925 398.9316899866048 0.5839626473190104 3.1884667582044615 90.13501023088939 370.73699802627584 1.2199450196030832 1.0143353259720664
0 0 103.16230720158092 403.28292893239717 2.1768476784940676 702.7900832568106 101.44985530755369 403.2024370387769 1.061143841534449 4.27074705217209 91.23296074853216 371.6498998196507 1.0979505176427748 0.9129017933748598
0 0 105.13150934939645 405.80687123491805 1.9692021478155401 702.5239423025209 103.90323048164278 407.1165374569998 2.4533751740890883 3.9141004182229233 92.75040513796966 373.8750260347514 1.5174443894374983 2.225126215100631
0 0 106.919520160689 408.0985791375283 1.7880108112925501 702.2917079026103 107.13738735816064 409.5451166202783 3.234156876517864 2.4285791632784446 94.65837281975162 377.2761909172132 1.9079676817819573 3.401164882461855
0 0 108.54827820418751 410.18617148101487 1.6287580434985023 702.0875923434866 109.82472882322197 410.2475669670209 2.687341465061337 0.7024503467425613 96.92998543884578 381.73100916158813 2.271612619094159 4.454818244374906
0 0 110.03618435668743 412.0932328178317 1.487906152499916 701.9070613368168 110.74506824336856 410.8077076927916 0.9203394201465909 0.5601407257707364 98.97443679603052 385.74034558152556 2.044451357184743 4.009336419937415
0 0 111.39882619168444 413.83974186686396 1.362641834997001 701.7465090490323 110.8490486202364 412.6253613337852 0.10398037686784001 1.817653640993595 100.81444301749679 389.34874835946925 1.840006221466269 3.6084027779436734
0 0 112.64952434973338 415.4427718007316 1.2506981580489414 701.6030299338676 111.56127034067593 415.62773609650947 0.7122217204395318 3.0023747627242745 102.47044861681643 392.59631085961854 1.656005599319642 3.2475625001493063
0 0 113.79975127383676 416.91702694231947 1.1502269241033776 701.474255141588 113.68106238876916 418.0785314985927 2.119792048093232 2.450795402083232 103.96085365620411 395.5191171097529 1.490405039387678 2.922806250134376
0 0 114.85945672240723 418.2752599773717 1.059705448570462 701.3582330350522 115.74135938958285 418.7920179606425 2.0602970008136943 0.7134864620497912 105.30221819165301 398.14964273487385 1.3413645354489103 2.6305256251209386
0 0 115.83732406047241 419.5286004449992 0.9778673380651821 701.2533404676275 116.30143926090622 418.6758162103563 0.5600798713233692 -0.11620175028624424 106.50944627355703 400.5171157974827 1.2072280819040193 2.3674730626088447
0 0 116.74097438335554 420.68681636465044 0.9036503228831276 701.1582159196513 116.08847140233857 419.88875275918826 -0.21296785856765543 1.2129365488319712 107.59595154727064 402.64784155383063 1.0865052737136174 2.1307257563479602
0 0 120.44764992411336 417.8166706295314 3.7066755407578302 697.1298542648809 116.84625762571568 422.1416582603475 0.7577862233771171 2.2529055011592405 108.5738062936129 404.5654947345438 0.9778547463422557 1.9176531807131643
0 0 123.75815663101197 415.2532855688726 3.3105067068986034 697.4366149393412 118.48810699804334 423.0165790741236 1.6418493723276613 0.8749208137760953 109.45387556532093 406.29138259718565 0.8800692717080301 1.725887862641848
0 0 126.73142427852058 412.9510307952812 2.9732676475086133 697.6977452264085 120.8082534640655 422.5629501819274 2.320146466022159 -0.4536288921962278 110.24593790985816 407.8446816735633 0.7920623445372271 1.553299076377663
0 0 129.4144887571834 410.87348557023864 2.6830644786628013 697.9224547749575 123.68331601062138 420.8776798599725 2.875062546555881 -1.6852703219549332 110.95879401994166 409.2426508423032 0.7128561100835045 1.3979691687398967
0 0 131.84552278844515 408.9910920669409 2.431034031261756 698.1176064967023 127.01650141500801 418.05938471699596 3.333185404386624 -2.8182951429765315 111.60036451901682 410.5008230941691 0.6415704990751541 1.258172251865907
0 0 134.05594954686043 407.2795187544946 2.2104267584152897 698.2884266875536 130.72140918680742 414.19894124928203 3.7049077717994177 -3.8604434677139565 112.17777796818446 411.6331781208484 0.5774134491676387 1.1323550266793163
0 0 136.0719556523284 405.71848886073707 2.0160061054679717 698.4389701062424 134.70701987503222 409.3732661486045 3.985610688224796 -4.825675100677515 112.69745007243533 412.6522976448598 0.5196721042508748 1.0191195240113846
0 0 137.91559879018962 404.29092272201535 1.8436431378612241 698.5724338612783 138.81886460154612 403.62495747076497 4.11184472651391 -5.7483086778395345 113.16515496626111 413.56950521647 0.4677048938257874 0.9172075716102461
0 0 139.6056345584258 402.98229754048407 1.6900357682361955 698.6913748184687 141.31219709458213 399.3416255352365 2.4933324930360135 -4.283331935528458 113.58608937070433 414.39499203091924 0.4209344044432087 0.8254868144492216
0 0 141.1581443993124 401.7801611652998 1.5525098408865914 698.7978636248157 142.9195462783007 396.8448155507922 1.6073491837185636 -2.496809984444332 113.96493033470321 415.13793016392356 0.37884096399888784 0.7429381330042995
0 0 142.58701977736462 400.6737571849032 1.4288753780522119 698.8935960196034 143.86196607073106 396.0104101518682 0.9424197924303739 -0.834405398923991 114.30588720230222 415.8065744836274 0.34095686759899907 0.6686443197038695
0 0 153.13512201629635 406.3954299435502 10.548102238931746 705.721672758647 144.3145655626567 396.70634466450963 0.4525994919256298 0.6959345126414246 115.93531447096085 415.70066874670135 1.6294272686586369 -0.105905736926029
0 0 161.78456585222037 411.08720160564076 8.64944383592403 704.6917716620906 145.73168482659676 398.4418948651565 1.4171192639400527 1.7355502006468528 118.85696408849593 415.2413555033358 2.9216496175350777 -0.4593132433655785
0 0 169.06393778453403 415.03579663645615 7.279371932313662 703.9485950308153 148.18541593691003 400.932088885714 2.453731110313276 2.490194020557528 122.97947419857981 414.68349177643677 4.1225101100838755 -0.5578637268990561
0 0 175.30371757015453 418.4204792277539 6.239779785620501 703.3846825912977 151.63675132436856 404.0129105803625 3.451335387458518 3.0808216946485056 128.189689467761 414.19288123354374 5.210215269181215 -0.4906105428930397
0 0 180.7261700181073 421.3618138634762 5.422452447952756 702.9413346357223 156.02421279389716 407.56563330027956 4.387461469528614 3.5527227199170888 134.37288066836285 413.88538992066003 6.183191200601836 -0.30749131288373033
0 0 185.4887735494698 423.94522254386004 4.76260353136252 702.5834086803839 161.28252062311947 411.4944984503645 5.258307829222296 3.928865150084986 141.41861399329153 413.84749910471396 7.045733324928669 -0.0378908159460572
0 0 189.70757567504 426.23365364257506 4.218802125570203 702.288431098715 167.3488891629601 415.7165772847269 6.0663685398406155 4.222078834362395 149.22188465701257 414.1484083924407 7.803270663721034 0.3009092877266999
0 0 193.47076822981856 428.27494560566856 3.7631925547785556 702.0412919630935 174.16595783783777 420.1549122504848 6.817068674877678 4.438334965757899 157.6821571213661 414.8482788788516 8.460272464353519 0.6998704864109511
0 0 196.84706023312032 430.1063686941962 3.3762920033017565 701.8314230885276 181.6839854273063 424.73099375291156 7.518027589468556 4.576081502426757 166.70081948743365 416.00505174903014 9.018662366067545 1.1567728701785616
0 0 199.89109056148206 431.75756101408086 3.0440303283617394 701.6511923198847 189.86400082349834 429.350661913949 8.18001539619204 4.6196681610374295 176.1763185854251 417.68169925241926 9.47549909799144 1.6766475033891008
0 0 188.08105078111353 429.6308357412464 -11.810039780368538 697.8732747271656 198.6845825085826 433.8584773683263 8.82058168508425 4.507815454377303 184.7042677736174 419.19068200546945 8.527949188192297 1.5089827530501907
0 0 178.39681816121134 427.8869210175222 -9.684232619902199 698.2560852762757 205.2297678755665 437.3599855794879 6.54518536698389 3.501508211161581 192.84103938804736 421.97596984179484 8.13677161442995 2.7852878363253826
0 0 170.24656798830165 426.4192423860359 -8.15025017290969 698.5323213685136 209.70599241841157 440.0119903731645 4.476224542845076 2.6520047936765887 198.77587914831543 425.0508388381993 5.934839760268071 3.0748689964044438
0 0 163.2602830794458 425.1611679887266 -6.986284908855862 698.7419256026907 212.3163805882663 441.9102567863961 2.610388169854743 1.8982664132315745 202.61895742966857 427.8900855600535 3.843078281353149 2.8392467218541917
0 0 157.18910765216208 424.0678844387018 -6.07117542728372 698.9067164499752 213.246189461423 443.13402674651775 0.929808873156696 1.2237699601216732 204.58132039946022 430.3416548095377 1.962362969791656 2.451569249484241
0 0 151.85672312559615 423.107640684403 -5.332384526565926 699.0397562457013 212.66291033378684 443.7524126855733 -0.5832791276361641 0.6183859390555413 204.8604201137487 432.3512148426904 0.2790997142884655 2.00956003315269
0 0 147.13319847633815 422.2570390407801 -4.723524649257986 699.1493983563771 210.71759132032386 443.8267201353109 -1.9453190134629872 0.07430744973760228 203.633912581933 433.9021160118196 -1.2265075318156726 1.5509011691291696
0 0 142.91979091103354 421.49829812876555 -4.213407565304606 699.2412590879854 207.5463117230484 443.41172434697364 -3.1712795972754506 -0.4149957883372715 201.06093486274 434.99513396303894 -2.5729777191930028 1.0930179512193186
0 0 139.1395713069835 420.81756472580435 -3.7802196040500444 699.3192665970388 203.27160224659724 442.55654834099687 -4.274709476451171 -0.8551760059767675 197.28410792250412 435.63966069571984 -3.7768269402358783 0.644526732680927
0 0 135.73136398624735 420.20382245407063 -3.408207320736142 699.3862577282663 198.00376026581023 441.30534468102604 -5.267841980787008 -1.2512036599708034 192.43144749529495 435.849207142693 -4.852660427209168 0.20954644697314811
0 0 132.6456762480044 419.64815877985467 -3.0856877382429415 699.444336325784 191.84204981458785 439.697861350239 -6.161710451222383 -1.607483330787012 186.61809022120272 435.63881107311295 -5.813357274092236 -0.21039606958005982
0 0 129.8418759560674 419.14325675990085 -2.8038002919369878 699.4950979800462 184.87578857148304 437.7699304861124 -6.966261243104819 -1.927930864126616 179.94786298410028 435.02335087658895 -6.6702272371024325 -0.6154601965240194
0 0 127.28618110346667 418.6830330067418 -2.5556948526007317 699.5397762468409 177.18532801653058 435.5539028249885 -7.690460554952479 -2.2160276611238925 172.51475357459512 434.0162568368901 -7.433109409505175 -1.0070940396988557
