0 0 600.0 350.0 0.0 700.0 120.29870180871941 350.02787883548046 0.298701808719419 0.027878835480479126 1080.9123006643915 350.84272129217015 0.9123006643915068 0.8427212921701781
0 0 600.0 350.0 0.0 700.0 120.8662352452863 350.08084862289337 0.567533436566896 0.05296978741291036 1082.568749130243 352.5428824938019 1.6564484658516312 1.7001612016317549
0 0 600.0 350.0 0.0 700.0 121.67571714691593 350.15640026704546 0.8094819016296254 0.07555164415209847 1083.2006501466085 353.22052630634323 0.6319010163653314 0.6776438125412805
0 0 600.0 350.0 0.0 700.0 122.70295266710201 350.2522755822628 1.0272355201860819 0.0958753152173678 1083.453753110442 353.33849768732887 0.2531029638335457 0.1179713809856211
0 0 600.0 350.0 0.0 700.0 123.9261664439889 350.36644220143893 1.2232137768868927 0.1141666191761102 1083.6125843975763 353.2271668626621 0.1588312871342166 -0.11133082466678736
0 0 600.0 350.0 0.0 700.0 125.32576065190652 350.49707099417793 1.3995942079176222 0.13062879273897837 1083.0962278733177 353.64857544803954 -0.5163565242585693 0.4214085853774356
0 0 600.0 350.0 0.0 700.0 126.8840972477518 350.6425157431235 1.558336595845279 0.1454447489455597 1082.3716725138997 353.35752186027963 -0.7245553594179441 -0.29105358775991874
0 0 600.0 350.0 0.0 700.0 128.58530199273196 350.801294852655 1.7012047449801702 0.15877910953148286 1081.309495197722 353.8628699114258 -1.062177316177592 0.5053480511461709
0 0 600.0 350.0 0.0 700.0 130.41508807193352 350.9720748867138 1.8297860792015723 0.17078003405881365 1079.5544655201766 353.7343079042844 -1.7550296775454655 -0.12856200714137767
0 0 600.0 350.0 0.0 700.0 132.36059735193436 351.1536557528472 1.945509280000834 0.18158086613341137 1078.3209852971966 353.3799973023051 -1.2334802229800774 -0.35431060197927444
0 0 600.0 350.0 0.0 700.0 134.41025751265454 351.34495736784777 2.0496601607201694 0.19130161500054935 1076.4110008808725 352.2789278170103 -1.9099844163239428 -1.1010694852948444
0 0 600.0 350.0 0.0 700.0 136.5536534660221 351.5450076568287 2.1433959533675715 0.20005028898097355 1074.7172464757896 351.82863931845725 -1.6937544050830378 -0.45028849855306696
0 0 600.0 350.0 0.0 700.0 138.78141163277232 351.75293175239204 2.2277581667502333 0.20792409556335534 1073.4091615911561 351.6127667658857 -1.3080848846335138 -0.21587255257156684
0 0 600.0 350.0 0.0 700.0 141.08509579156694 351.96794227387954 2.303684158794629 0.21501052148749902 1071.9239565047842 351.7758006323998 -1.4852050863719728 0.16303386651415006
0 0 600.0 350.0 0.0 700.0 143.45711334320154 352.1893305786988 2.372017551634585 0.22138830481922833 1070.6627400872833 351.9575447870563 -1.261216417501023 0.181744154656465
0 0 600.0 350.0 0.0 700.0 145.8906309483921 352.41645888851656 2.4335176051905454 0.22712830981778467 1068.7887528451122 352.2185247581305 -1.873987242171051 0.26097997107420234
0 0 600.0 350.0 0.0 700.0 148.379498601783 352.64875320283306 2.4888676533909098 0.23229431431648542 1067.4034847990233 352.8842454037723 -1.3852680460887603 0.66572064564176
0 0 600.0 350.0 0.0 700.0 150.91818129855426 352.88569692119836 2.5386826967712377 0.23694371836531605 1065.8760110281166 352.7956325849844 -1.527473770906608 -0.08861281878792426
0 0 600.0 350.0 0.0 700.0 153.5016975343678 353.12682510320764 2.583516235813533 0.24112818200926364 1064.445296305972 351.73472064862165 -1.430714722144646 -1.060911936362762
0 0 600.0 350.0 0.0 700.0 156.1255639553194 353.37171930249644 2.6238664209515985 0.24489419928881645 1063.4342837032682 350.8178478462657 -1.011012602703784 -0.916872802355977
0 0 600.0 350.0 0.0 700.0 158.78574554289526 353.6200029173369 2.6601815875758574 0.248283614840414 1062.8221776238624 349.25078522283127 -0.6121060794057166 -1.5670626234344023
0 0 600.0 350.0 0.0 700.0 161.47861078043294 353.87133700617375 2.6928652375376907 0.25133408883685177 1061.880787049812 348.17423036271526 -0.9413905740504135 -1.0765548601160277
0 0 600.0 350.0 0.0 700.0 164.2008913029363 354.1254165216074 2.7222805225033406 0.2540795154336457 1060.7518234223817 347.60034698485214 -1.1289636274301706 -0.5738833778631423
0 0 600.0 350.0 0.0 700.0 166.94964558190873 354.3819669209782 2.7487542789724255 0.25655039937076024 1059.0573018670611 346.1179986544609 -1.6945215553204898 -1.4823483303912512
0 0 600.0 350.0 0.0 700.0 169.72222624170334 354.64074111589235 2.772580659794602 0.25877419491416326 1056.8389175274049 344.1224422010553 -2.218384339656212 -1.9955564534055976
0 0 600.0 350.0 0.0 700.0 172.5162506442379 354.9015167267956 2.7940244025345606 0.260775610903226 1054.7298469316452 342.721475552126 -2.1090705957597877 -1.40096664892935
0 0 600.0 350.0 0.0 700.0 175.32957441523843 355.16409361208895 2.8133237710005234 0.2625768852933824 1052.7831657942056 341.3776427522965 -1.9466811374395232 -1.3438327998295163
0 0 600.0 350.0 0.0 700.0 178.16026761785832 355.42829164433346 2.83069320261989 0.26419803224452326 1050.684096892063 340.0437805316799 -2.0990689021424638 -1.3338622206165758
0 0 600.0 350.0 0.0 700.0 181.00659330893563 355.693948708834 2.84632569107732 0.26565706450055004 1049.2222703541943 338.8508873571883 -1.4618265378687119 -1.1928931744916111
0 0 600.0 350.0 0.0 700.0 183.86698823962465 355.960918902365 2.860394930689007 0.2669701935309742 1047.7801415699491 338.0832545905481 -1.4421287842450528 -0.7676327666401814
0 0 600.0 350.0 0.0 700.0 186.74004548596417 356.22907091202336 2.8730572463395254 0.26815200965835584 1046.3080400313922 336.44839161860676 -1.4721015385569005 -1.6348629719413506
0 0 600.0 350.0 0.0 700.0 189.62449881638918 356.4982865561964 2.884453330424992 0.2692156441729993 1044.8684786672973 335.87785007501316 -1.4395613640949194 -0.5705415435936196
0 0 600.0 350.0 0.0 700.0 192.51920862249108 356.76845947143255 2.8947098061019116 0.27017291523617837 1043.3346888974575 336.11055391771305 -1.5337897698397747 0.2327038426999124
0 0 600.0 350.0 0.0 700.0 195.42314925670223 357.0394939306256 2.9039406342111396 0.27103445919303953 1041.9919547153945 335.356532742516 -1.3427341820629692 -0.7540211751970574
0 0 600.0 350.0 0.0 700.0 198.33539763621167 357.31130377937984 2.9122483795094447 0.27180984875421454 1041.0470888834584 334.20648444411137 -0.944865831936186 -1.150048298404595
0 0 600.0 350.0 0.0 700.0 201.2551229864896 357.5838114787391 2.9197253502779192 0.272507699359272 1039.8349746541778 332.9269193922912 -1.2121142292806244 -1.27956505182014
0 0 600.0 350.0 0.0 700.0 204.18157761045913 357.85694724364294 2.9264546239695464 0.2731357649038237 1038.4953156166835 331.85878179381007 -1.3396590374944444 -1.0681375984811294
0 0 600.0 350.0 0.0 700.0 207.11408858075114 358.13064826753686 2.9325109702920105 0.2737010238939202 1037.6964771170292 330.27479917170496 -0.7988384996542979 -1.5839826221050848
0 0 600.0 350.0 0.0 700.0 210.05205026273336 358.40485802452184 2.9379616819822285 0.27420975698500705 1036.4641135117276 329.1316948263844 -1.2323636053015758 -1.1431043453205827
0 0 600.0 350.0 0.0 700.0 212.99491758523678 358.6795256412888 2.9428673225034245 0.2746676167669853 1034.7529624773942 329.0727162355384 -1.7111510343333176 -0.058978590845987444
0 0 600.0 350.0 0.0 700.0 215.94219998420928 358.95460533185957 2.947282398972501 0.27507969057076576 1032.3913038502617 329.3880349765695 -2.3616586271325044 0.3153187410311039
0 0 600.0 350.0 0.0 700.0 218.89345595200396 359.2300558888537 2.95125596779467 0.2754505569941682 1029.3753764694286 328.78418203373224 -3.0159273808330225 -0.6038529428372437
0 0 600.0 350.0 0.0 700.0 221.84828813173857 359.50584022562896 2.954832179734622 0.2757843367752305 1027.6044576318736 328.7413555856513 -1.770918837554975 -0.0428264480809043
0 0 600.0 350.0 0.0 700.0 224.80633890221915 359.7819249642071 2.9580507704805785 0.2760847385781865 1026.1121268402705 328.24286136343585 -1.4923307916030422 -0.4984942222154856
0 0 600.0 350.0 0.0 700.0 227.7672864043711 360.058280064408 2.9609475021519396 0.276355100200847 1023.7977594687753 328.265903177479 -2.314367371495199 0.02304181404315303
0 0 600.0 350.0 0.0 700.0 230.73084096502728 360.33487849006923 2.9635545606561644 0.2765984256612414 1020.9192582879175 327.59569154230627 -2.8785011808577705 -0.6702116351727456
0 0 600.0 350.0 0.0 700.0 233.69674187833726 360.61169590864483 2.9659009133099667 0.27681741857559633 1018.2364085831641 326.84422476634705 -2.6828497047533784 -0.7514667759592178
0 0 600.0 350.0 0.0 700.0 236.66475450903565 360.8887104208433 2.968012630698389 0.27701451219851575 1015.7444525476616 325.80841495925466 -2.491956035502596 -1.0358098070924147
0 0 600.0 350.0 0.0 700.0 239.63466768538362 361.1659023173025 2.969913176347969 0.2771918964591433 1014.4012369774238 324.23703020881874 -1.343215570237762 -1.5713847504359353
0 0 600.0 350.0 0.0 700.0 242.6062913528162 361.4432538595962 2.971623667432591 0.2773515422937081 1013.8651053897552 321.89116194144526 -0.5361315876686412 -2.34586826737345
0 0 600.0 350.0 0.0 700.0 245.57945446222496 361.720749083141 2.973163109408751 0.2774952235448163 1012.4957958858532 320.2091009650298 -1.3693095039019187 -1.682060976415484
0 0 600.0 350.0 0.0 700.0 248.55400306941226 361.99837361981184 2.9745486071872946 0.2776245366708137 1011.2219840547419 317.7361176384906 -1.2738118311113016 -2.472983326539188
0 0 600.0 350.0 0.0 700.0 251.52979862460023 362.27611453829604 2.975795555187984 0.27774091848421134 1009.1859616568483 314.837187611491 -2.0360223978935617 -2.8989300269996248
0 0 600.0 350.0 0.0 700.0 254.50671643298884 362.5539602004123 2.9769178083886048 0.27784566211626927 1007.6263479013093 312.19931488807805 -1.5596137555390384 -2.6378727234129364
0 0 600.0 350.0 0.0 700.0 257.484644269258 362.8319001317974 2.977927836269163 0.2779399313851216 1006.4598422044786 308.8422013686251 -1.1665056968307022 -3.357113519452917
0 0 600.0 350.0 0.0 700.0 260.4634811306197 363.1099249055245 2.978836861361666 0.2780247737270887 1004.5352179755712 306.086879718168 -1.9246242289074542 -2.7553216504571427
0 0 600.0 350.0 0.0 700.0 263.4431361145646 363.3880260373594 2.979654983944918 0.278101131834859 1003.1120920333756 303.5212996300738 -1.4231259421955673 -2.565580088094175
0 0 600.0 350.0 0.0 700.0 266.42352740883445 363.66619589149127 2.980391294269845 0.278169854131852 1001.1052102860524 300.3016161386932 -2.00688174732318 -3.2196834913806587
0 0 600.0 350.0 0.0 700.0 269.4045813823967 363.9444275956904 2.9810539735622794 0.27823170419914556 999.9768031425674 296.74691200071567 -1.1284071434849714 -3.5547041379775326
0 0 600.0 350.0 0.0 700.0 272.38623176732216 364.2227149649501 2.9816503849254703 0.2782873692597098 998.333539573946 292.7676023560981 -1.6432635686213088 -3.9793096446175675
0 0 600.0 350.0 0.0 700.0 275.3684189224745 364.5010524327643 2.9821871551523422 0.2783374678142176 996.3196275458768 288.448426987265 -2.013912028069334 -4.319175368833086
0 0 600.0 350.0 0.0 700.0 278.3510891708311 364.7794349892776 2.982670248356527 0.2783825565132748 994.7430792018537 285.4005066649126 -1.5765483440230472 -3.0479203223524354
0 0 600.0 350.0 0.0 700.0 281.3341942030714 365.05785812562004 2.983105032240293 0.2784231363424261 993.0253506943109 283.1160850574027 -1.7177285075427702 -2.2844216075098838
0 0 600.0 350.0 0.0 700.0 284.31769054080706 365.3363177838087 2.9834963377356827 0.27845965818866203 990.9897000395664 281.3550251574629 -2.0356506547444466 -1.7610598999398328
0 0 600.0 350.0 0.0 700.0 287.3015390534886 365.61481031165897 2.9838485126815333 0.2784925278502748 988.3719483954737 279.9689606945173 -2.617751644092662 -1.3860644629455967
0 0 600.0 350.0 0.0 700.0 290.2857045236214 365.8933324222047 2.984165470132799 0.2785221105457259 985.7021570755824 279.2319505916628 -2.669791319891349 -0.7370101028545213
0 0 600.0 350.0 0.0 700.0 293.27015525546034 366.17188115717636 2.9844507318389377 0.27854873497163146 984.1792855184491 278.8761520247964 -1.5228715571332638 -0.35579856686636635
0 0 600.0 350.0 0.0 700.0 296.2548627228348 366.4504538541313 2.9847074673744634 0.2785726969549453 983.1954458246898 278.7075463278986 -0.9838396937592662 -0.16860569689779709
0 0 600.0 350.0 0.0 700.0 299.2398012521912 366.72904811687124 2.9849385293564366 0.2785942627399268 982.4508766580693 278.4256697362212 -0.7445691666205064 -0.28187659167743495
0 0 600.0 350.0 0.0 700.0 302.22494773733143 367.00766178881764 2.9851464851402136 0.27861367194639464 981.6259535891525 277.1782060036463 -0.8249230689168545 -1.2474637325748907
0 0 600.0 350.0 0.0 700.0 304.6128777652382 367.23053525808893 2.387930027906774 0.22287346927127194 980.7387248728037 276.97669800901843 -0.8872287163487209 -0.2015079946278615
0 0 600.0 350.0 0.0 700.0 306.4633129816349 367.4032425449526 1.850435216396678 0.17270728686366393 980.540930795148 277.444131856225 -0.19779407765571433 0.46743384720654696
0 0 600.0 350.0 0.0 700.0 307.8300028676725 367.5308002676494 1.3666898860375913 0.12755772269681825 979.6797801031043 277.8347678390302 -0.8611506920436732 0.39063598280520084
0 0 600.0 350.0 0.0 700.0 308.7613219563869 367.61772338259607 0.9313190887144132 0.08692311494665905 978.0681923533803 277.2736273817925 -1.6115877497240518 -0.5611404572376779
0 0 600.0 350.0 0.0 700.0 309.3008073275104 367.66807535056756 0.5394853711235528 0.05035196797151584 976.3546463251969 277.0866943426814 -1.7135460281834145 -0.18693303911105874
0 0 600.0 350.0 0.0 700.0 309.4876423528022 367.6855132862614 0.1868350252917783 0.01743793569388798 974.0264000269748 277.0401031122014 -2.3282462982221475 -0.04659123048000549
0 0 600.0 350.0 0.0 700.0 309.3570920668454 367.6733285929055 -0.13055028595681883 -0.012184693355976037 971.5048340913453 276.4788366660021 -2.5215659356294404 -0.5612664461992827
0 0 600.0 350.0 0.0 700.0 308.94089500076484 367.63448353340465 -0.41619706608055623 -0.038845059500854276 968.8988220616243 276.73579439084347 -2.606012029721011 0.25695772484134505
0 0 600.0 350.0 0.0 700.0 308.2676158325729 367.5716441443734 -0.6732791681919199 -0.06283938903124525 966.4997421604327 277.2538560607959 -2.3990799011915787 0.5180616699524463
0 0 600.0 350.0 0.0 700.0 307.3629627724808 367.4872098587648 -0.9046530600921472 -0.08443428560859714 965.2288957525981 278.2525666013219 -1.2708464078345867 0.9987105405260202
0 0 600.0 350.0 0.0 700.0 306.2500732096784 367.38334016623656 -1.1128895628023519 -0.10386969252821313 963.5678333421951 278.80969043158103 -1.6610624104029958 0.5571238302591015
0 0 600.0 350.0 0.0 700.0 304.94977079443686 367.26197860748067 -1.3003024152415361 -0.12136155875586621 961.8586960440678 278.83478689220647 -1.7091372981273132 0.0250964606254378
0 0 600.0 350.0 0.0 700.0 303.48079681200005 367.12487436911994 -1.4689739824368022 -0.13710423836075192 960.942615311197 279.4484368470111 -0.9160807328708067 0.613649954804673
0 0 600.0 350.0 0.0 700.0 301.8600184190875 366.9736017191148 -1.6207783929125417 -0.15127265000514906 959.497706293196 280.8761360809914 -1.4449090180009545 1.4276992339802779
0 0 600.0 350.0 0.0 700.0 300.1026160567468 366.8095774986297 -1.7574023623407071 -0.16402422048510773 958.0585116371946 282.5755023052795 -1.4391946560014268 1.6993662242880805
0 0 600.0 350.0 0.0 700.0 298.22225212192075 366.6340768647126 -1.880363934826053 -0.1755006339171023 957.037819175341 284.67175832428586 -1.0206924618535504 2.096256019006386
0 0 600.0 350.0 0.0 700.0 296.82862638929674 366.5040051296677 -1.3936257326240291 -0.13007173504491007 956.7470358943948 286.20155955554543 -0.29078328094623396 1.5298012312595517
0 0 600.0 350.0 0.0 700.0 295.87306503865454 366.41481940360774 -0.9555613506422074 -0.08918572605993826 955.7355474500404 288.2668647964485 -1.0114884443544003 2.06530524090306
0 0 600.0 350.0 0.0 700.0 295.311761631796 366.3624310856343 -0.5613034068585678 -0.052388317973463036 955.5385511728185 291.0493296494388 -0.19699627722188273 2.782464852990323
0 0 600.0 350.0 0.0 700.0 295.1052903743427 366.3431604349386 -0.2064712574532922 -0.019270650695636337 955.578754139155 293.3669462588567 0.04020296633643153 2.317616609417902
0 0 600.0 350.0 0.0 700.0 295.21816805135416 366.353695684793 0.11287767701145576 0.010535249854408742 956.2774461121271 295.1211508792624 0.6986919729721938 1.7542046204057407
0 0 600.0 350.0 0.0 700.0 295.6184597693839 366.39105624514247 0.40029171802972896 0.037360560349449554 957.5867081867538 296.3559359543659 1.3092620746266093 1.234785075103523
0 0 600.0 350.0 0.0 700.0 296.2774241243301 366.45255958493743 0.6589643549461748 0.06150333979498658 958.689329312588 296.835041298148 1.1026211258342369 0.47910534378206804
0 0 600.0 350.0 0.0 700.0 297.16919385250105 366.5357914262334 0.891769728170976 0.08323184129597125 959.7789711335507 296.42531711237194 1.0896418209627066 -0.40972418577606196
0 0 600.0 350.0 0.0 700.0 298.2704884165743 366.6385789188803 1.101294564073297 0.1027874926468575 959.8748059010626 296.7220599019988 0.09583476751189701 0.29674278962685857
0 0 600.0 350.0 0.0 700.0 299.5603553329597 366.75896649774296 1.2898669163853864 0.12038757886265035 959.13479174654 296.02477115524164 -0.7400141545225161 -0.6972887467571623
0 0 600.0 350.0 0.0 700.0 301.019937366426 366.89519415419977 1.4595820334662695 0.13622765645683585 958.9600808580498 295.44721219270747 -0.17471088849021366 -0.5775589625341928
0 0 600.0 350.0 0.0 700.0 302.0348593878262 366.98992020953045 1.0149220214002235 0.09472605533067338 957.911043788899 294.6973946997298 -1.0490370691507727 -0.749817492977668
0 0 600.0 350.0 0.0 700.0 302.649587398367 367.0472948238476 0.6147280105407821 0.057374614317127495 957.7695598480432 293.8826391777291 -0.14148394085577676 -0.8147555220006489
0 0 600.0 350.0 0.0 700.0 302.90414079913427 367.07105314125255 0.25455340076728505 0.023758317404934285 957.8680508498704 293.49095811397564 0.0984910018272176 -0.39168106375348155
0 0 600.0 350.0 0.0 700.0 302.8345370511054 367.06455679143653 -0.06960374802886238 -0.006496349816038791 957.6940701097943 292.96889227192935 -0.17398074007612538 -0.5220658420463098
0 0 600.0 350.0 0.0 700.0 302.47319186916 367.03083124112163 -0.361345181945395 -0.03372555031491528 957.0854995817507 291.81152385737204 -0.6085705280436473 -1.1573684145573009
0 0 600.0 350.0 0.0 700.0 301.8492793966897 366.9725994103577 -0.6239124724702743 -0.05823183076390513 955.5625254378054 290.84131875059177 -1.522974143945195 -0.9702051067802964
0 0 600.0 350.0 0.0 700.0 300.9890563627471 366.8923119271897 -0.8602230339426662 -0.08028748316799106 954.0867570702075 290.45535989447 -1.475768367597995 -0.3859588561217616
0 0 600.0 350.0 0.0 700.0 299.91615382347925 366.7921743568581 -1.0729025392678189 -0.10013757033166652 953.1708516228867 289.63119486875553 -0.9159054473207326 -0.824165025714493
0 0 600.0 350.0 0.0 700.0 299.2492433468576 366.72992937904 -0.6669104766216151 -0.06224497781805289 952.6597142885074 289.7826519634998 -0.511137334379288 0.15145709474429825
0 0 600.0 350.0 0.0 700.0 298.9477257266176 366.70178773448424 -0.30151762024003603 -0.028141644555752948 952.0649017741073 290.7711266677392 -0.5948125144001013 0.9884747042393968
0 0 600.0 350.0 0.0 700.0 298.97506167712095 366.70433908986456 0.0273359505033845 0.0025513553803234203 950.6053721635357 292.5358610614929 -1.4595296105715865 1.7647343937536304
0 0 600.0 350.0 0.0 700.0 299.2983658412934 366.73451414518735 0.32330416417246316 0.03017505532279099 949.5333955740356 293.293411945233 -1.0719765895001097 0.7575508837401461
0 0 600.0 350.0 0.0 700.0 299.888041397768 366.78955053045837 0.589675556474634 0.05503638527101083 948.4990164784725 293.46177642938795 -1.0343790955630732 0.16836448415497007
0 0 600.0 350.0 0.0 700.0 300.7174512073146 366.8669621126827 0.8294098095465926 0.07741158222435679 947.8823699618248 293.8448486161351 -0.6166465166477354 0.3830721867471145
0 0 600.0 350.0 0.0 700.0 301.1652182271871 366.90875370120415 0.44776701987251405 0.0417915885214445 948.1145675068487 294.9654266844456 0.23219754502396595 1.1205780683105324
0 0 600.0 350.0 0.0 700.0 301.2695067363529 366.918487295393 0.10428850916584381 0.009733594188819025 947.8085791803481 295.9706439228234 -0.3059883265006219 1.0052172383777913
0 0 600.0 350.0 0.0 700.0 301.0646645858828 366.89936869468244 -0.20484215047015866 -0.01911860071055171 948.2363653304419 296.5840251162455 0.4277861500937414 0.6133811934221021
0 0 600.0 350.0 0.0 700.0 300.5816048417402 366.8542831185625 -0.4830597441425609 -0.04508557611998471 947.6582809056318 297.3662939343345 -0.5780844248100309 0.7822688180889807
0 0 600.0 350.0 0.0 700.0 299.8481492632925 366.785827264574 -0.7334555784477217 -0.06845585398848889 947.6048151874239 298.3678655702314 -0.05346571820789092 1.0015716358968532
0 0 600.0 350.0 0.0 700.0 299.48674105140896 366.7520958314648 -0.3614082118835299 -0.03373143310916829 947.2401758721485 299.1582716653674 -0.3646393152754666 0.7904060951359869
0 0 600.0 350.0 0.0 700.0 299.4601754694332 366.74961637714705 -0.026565581975758923 -0.002479454317761424 947.8013728712281 300.2552527902487 0.5611969990796386 1.096981124881263
0 0 600.0 350.0 0.0 700.0 299.7349682543744 366.7752637037416 0.27479278494123294 0.025647326594526256 947.3122459865557 300.42228524309996 -0.48912688467233445 0.16703245285129398
0 0 600.0 350.0 0.0 700.0 300.2809835695409 366.82622513315715 0.546015315166525 0.05096142941559169 946.881441748117 299.88089036484905 -0.4308042384387119 -0.5413948782509037
0 0 600.0 350.0 0.0 700.0 300.47369554447135 366.84421158415074 0.1927119749304524 0.017986450993566196 946.7486059107983 298.9117113262017 -0.13283583731863735 -0.9691790386473508
0 0 600.0 350.0 0.0 700.0 300.3484345131894 366.83252055456444 -0.12526103128200777 -0.011691029586313597 946.4111428813192 297.0921745237756 -0.33746302947918266 -1.8195368024261127
0 0 600.0 350.0 0.0 700.0 299.93699777631616 366.79411979245623 -0.41143673687321913 -0.03840076210823477 946.0878821272863 294.4950287346516 -0.3232607540328865 -2.5971457891239913
0 0 600.0 350.0 0.0 700.0 299.8654065218497 366.7874379420391 -0.07159125446645959 -0.006681850417131683 946.2079340537443 292.80746122706466 0.12005192645805596 -1.6875675075869438
0 0 600.0 350.0 0.0 700.0 300.09967620154924 366.8093031121446 0.23426967969956178 0.021865170105527493 945.3774903402526 291.0794469947535 -0.8304437134916662 -1.7280142323111651
0 0 600.0 350.0 0.0 700.0 300.01181710455944 366.80110292975905 -0.0878590969898102 -0.008200182385538136 944.1370934549022 289.07908960537617 -1.2403968853503677 -2.000357389377305
0 0 600.0 350.0 0.0 700.0 299.6340421085496 366.7658439301276 -0.3777749960098706 -0.0352589996315088 943.3993040870673 288.03334620237746 -0.7377893678349563 -1.0457434029987227
0 0 600.0 350.0 0.0 700.0 299.59274642085984 366.76198966594274 -0.041295687689746396 -0.003854264184859027 941.7358157893229 287.4170322959992 -1.6634882977444017 -0.6163139063782421
0 0 600.0 350.0 0.0 700.0 299.8542821106582 366.7863996636599 0.2615356897983626 0.024409997717155733 941.0491036112728 286.07089811827757 -0.6867121780501675 -1.3461341777216607
0 0 600.0 350.0 0.0 700.0 300.3883660401958 366.83624749708895 0.5340839295376517 0.0498478334290659 940.5609900526098 285.8126485198247 -0.48811355866298445 -0.2582495984529105
0 0 600.0 350.0 0.0 700.0 300.5703397680606 366.8532317116916 0.18197372786475174 0.016984214602635276 940.7247163484184 284.907724181642 0.16372629580864112 -0.9049243381826928
0 0 600.0 350.0 0.0 700.0 300.43541431441975 366.8406386693504 -0.13492545364085526 -0.01259304234118382 940.7474476134447 283.4267662454676 0.02273126502628009 -1.4809579361743506
0 0 600.0 350.0 0.0 700.0 300.01527959742384 366.8014260957598 -0.42013471699589855 -0.03921257359065374 940.2170401876286 281.6582521017307 -0.5304074258160615 -1.7685141437369483
0 0 600.0 350.0 0.0 700.0 299.3384565434085 366.73825594404366 -0.6768230540153479 -0.0631701517161362 940.0443816081482 279.8997148366402 -0.1726585794804258 -1.7585372650904818
0 0 600.0 350.0 0.0 700.0 299.0280176035138 366.7092816429831 -0.3104389398947206 -0.02897430106054673 939.1329939160348 279.18928681007196 -0.9113876921134287 -0.7104280265682288
0 0 600.0 350.0 0.0 700.0 299.04732436632764 366.7110836075126 0.019306762813843026 0.001801964529495409 938.6238364841806 278.29894588591276 -0.5091574318541795 -0.8903409241592215
0 0 600.0 350.0 0.0 700.0 299.3634022615792 366.74058421107316 0.31607789525154895 0.02950060356054766 938.1782690840976 277.08818354007593 -0.4455674000830322 -1.2107623458368502
0 0 600.0 350.0 0.0 700.0 299.9465741760247 366.79501358976165 0.5831719144454839 0.054429378688498946 938.5666861412448 275.46780618113485 0.38841705714714636 -1.6203773589410897
0 0 600.0 350.0 0.0 700.0 300.77013070774467 366.87187886606546 0.8235565317200114 0.07686527630380391 938.4605305009627 274.4894828749251 -0.10615564028209029 -0.9783233062097418
0 0 600.0 350.0 0.0 700.0 301.21262977757357 366.91317877925485 0.4424990698289243 0.04129991318937709 937.464278959369 273.77216658244737 -0.9962515415936787 -0.7173162924777129
0 0 600.0 350.0 0.0 700.0 301.31217713170054 366.92246986564123 0.09954735412694649 0.009291086386385625 937.2684159494978 273.8205037807632 -0.19586300987118133 0.048337198315834495
0 0 600.0 350.0 0.0 700.0 301.1030679416957 366.90295300790496 -0.20910919000483358 -0.019516857736306265 937.5491447667836 273.0935843165494 0.28072881728574284 -0.726919464213779
0 0 600.0 350.0 0.0 700.0 300.61616786197226 366.8575090004582 -0.48690007972343485 -0.045444007446736934 937.3949957151306 273.36907329217473 -0.1541490516530294 0.2754889756253096
0 0 600.0 350.0 0.0 700.0 299.87925598150207 366.7887305582721 -0.7369118804701761 -0.06877844218612394 936.6634464358098 274.25019474494326 -0.7315492793207895 0.8811214527685153
0 0 600.0 350.0 0.0 700.0 299.514737097798 366.7547087957886 -0.3645188837040671 -0.0340217624835231 936.8536553375893 274.7120653466067 0.1902089017795764 0.4618706016634546
0 0 600.0 350.0 0.0 700.0 299.4853719111834 366.7519680450375 -0.0293651866145776 -0.0027407507510897253 936.0841672252665 275.4050402273008 -0.7694881123228677 0.6929748806940945
0 0 600.0 350.0 0.0 700.0 299.75764505194934 366.7773802048456 0.2722731407659596 0.025412159808136388 936.0737874498859 275.2637322232449 -0.010379775380600087 -0.1413080040558926
0 0 600.0 350.0 0.0 700.0 300.3013926873578 366.8281299841571 0.5437476354084385 0.05074977931148849 935.9159781658173 274.6400832138293 -0.15780928406870087 -0.6236490094155878
0 0 600.0 350.0 0.0 700.0 300.4920637505063 366.84592595005336 0.19067106314851445 0.017795965896230326 936.1419945640562 273.9315885659998 0.22601639823893663 -0.7084946478295497
0 0 600.0 350.0 0.0 700.0 300.3649658986209 366.8340634838758 -0.12709785188541392 -0.01186246617753665 935.3706257353872 272.4781675048841 -0.7713688286689699 -1.4534210611157086
0 0 600.0 350.0 0.0 700.0 299.95187602320493 366.7955084288319 -0.41308987541594955 -0.03855505504392595 934.4418754534352 270.5528904577491 -0.9287502819520499 -1.9252770471349956
0 0 600.0 350.0 0.0 700.0 299.87879694404967 366.7886877147763 -0.07307907915525902 -0.0068207140555891395 934.2674362513524 269.7479982751885 -0.17443920208283392 -0.8048921825605828
0 0 600.0 350.0 0.0 700.0 300.11172758152895 366.81042790761086 0.2329306374793031 0.021740192834550455 934.1876098008219 268.69299998016623 -0.07982645053050658 -1.0549982950222412
0 0 600.0 350.0 0.0 700.0 300.02266334654126 366.80211524567756 -0.0890642349876806 -0.00831266193330079 934.9933737662925 267.9515723483859 0.8057639654705917 -0.7414276317803276
0 0 600.0 350.0 0.0 700.0 299.6438037263334 366.76675501445243 -0.3788596202078935 -0.03536023122514383 936.3700768050888 266.82847194025305 1.3767030387963815 -1.1231004081328644
0 0 600.0 350.0 0.0 700.0 299.6015318768653 366.76280964183474 -0.04227184946810136 -0.003945372617690592 938.2665934043098 265.0346672333 1.8965165992209545 -1.7938047069530634
0 0 600.0 350.0 0.0 700.0 299.862189021063 366.7871376419638 0.260657144197709 0.024328000129043813 940.7323387114599 263.1306972635365 2.4657453071501383 -1.9039699697634989
0 0 600.0 350.0 0.0 700.0 300.3954822595599 366.8369116775649 0.5332932384969369 0.0497740356011199 943.9506187543986 261.37148711807555 3.218280042938818 -1.7592101454609481
0 0 600.0 350.0 0.0 700.0 300.57674436548814 366.85382947412097 0.18126210592824088 0.016917796556064308 946.2485862997823 259.4578495220617 2.2979675453837416 -1.9136375960138838
0 0 600.0 350.0 0.0 700.0 300.44117845210457 366.84117665553646 -0.13556591338358367 -0.012652818584505298 948.3866701832895 257.1476948981866 2.1380838835072193 -2.31015462387506
0 0 600.0 350.0 0.0 700.0 300.02046732134033 366.8019102833254 -0.4207111307642254 -0.039266372211022284 949.5099742716226 254.71235387344672 1.1233040883330883 -2.4353410247398815
0 0 600.0 350.0 0.0 700.0 299.34312549493353 366.73869171285065 -0.6773418264068125 -0.06321857047478537 950.9440909732144 251.98532279038648 1.4341167015918241 -2.7270310830602678
0 0 600.0 350.0 0.0 700.0 299.0322196598864 366.70967383490824 -0.31090583504712554 -0.029017877942400013 952.2959699207673 250.5163932750691 1.3518789475529431 -1.4689295153173467
0 0 600.0 350.0 0.0 700.0 299.05110621706297 366.711436580245 0.01888655717659199 0.0017627453367545336 953.5695592235473 249.4214645614905 1.2735893027800254 -1.0949287135786108
0 0 600.0 350.0 0.0 700.0 299.3668059272409 366.740901886533 0.3156997101779374 0.029465306287998663 954.50724505348 249.3539098441471 0.9376858299326487 -0.06755471734341512
0 0 600.0 350.0 0.0 700.0 299.94963747512 366.7952994976771 0.5828315478791475 0.05439761114412623 955.4350110120309 249.58686842210085 0.9277659585509375 0.23295857795377392
0 0 600.0 350.0 0.0 700.0 300.7728876769302 366.8721361831919 0.8232502018102192 0.07683668551482735 956.6290463304161 249.23484531288085 1.1940353183851486 -0.3520231092200174
0 0 600.0 350.0 0.0 700.0 301.2151110498404 366.91341036467026 0.44222337291019836 0.04127418147836483 957.8453603102993 248.76087274813483 1.2163139798831353 -0.47397256474599947
0 0 600.0 350.0 0.0 700.0 301.3144102767406 366.9226782925158 0.09929922690017973 0.00926792784554729 957.9673540087161 248.49321911415007 0.12199369841689012 -0.2676536339847423
0 0 600.0 350.0 0.0 700.0 301.10507777223177 366.9031405920918 -0.20933250450883678 -0.019537700423991597 958.8961612690391 247.939899623322 0.9288072603229917 -0.5533194908280683
0 0 600.0 350.0 0.0 700.0 300.6179767094548 366.8576778262252 -0.48710106277695125 -0.045462765866580226 960.1636560354809 247.16400457288773 1.26749476644182 -0.7758950504342756
0 0 600.0 350.0 0.0 700.0 299.88088394423653 366.7888825014603 -0.7370927652182544 -0.06879532476490834 962.0196227243905 246.02412968652186 1.8559666889096122 -1.1398748863658454
0 0 600.0 350.0 0.0 700.0 299.5162022642591 366.7548455446568 -0.364681679977423 -0.034036956803512486 963.6825344903795 245.42391070497393 1.6629117659889165 -0.600218981547924
0 0 600.0 350.0 0.0 700.0 299.4866905609984 366.75209111901864 -0.02951170326068403 -0.002754425638157698 964.9702104448363 245.86146319869937 1.28767595445687 0.43755249372545313
0 0 600.0 350.0 0.0 700.0 299.7588318367828 366.7774909714293 0.27214127578437886 0.02539985241068569 967.1191614673464 245.52766594763835 2.148951022510082 -0.33379725106103925
0 0 600.0 350.0 0.0 700.0 300.3024607937077 366.828229674084 0.5436289569249277 0.050738702654726964 968.2403582813379 245.95389660762788 1.1211968139914057 0.4262306599895127
0 0 600.0 350.0 0.0 700.0 300.49302504622113 366.84601567098827 0.19056425251343767 0.017785996904256945 969.3057576862174 246.02843043315914 1.0653994048794948 0.07453382553125931
0 0 600.0 350.0 0.0 700.0 300.3658310647642 366.83414423271705 -0.1271939814568982 -0.011871438271221446 970.8005995052126 245.97543971061907 1.4948418189952317 -0.052990722540093335
0 0 600.0 350.0 0.0 700.0 299.952654672734 366.7955811027878 -0.41317639203019574 -0.0385631299292023 972.4976723098565 245.04607893688325 1.6970728046438572 -0.9293607737358185
0 0 600.0 350.0 0.0 700.0 299.87949772862584 366.78875312133636 -0.0731569441081647 -0.0068279814514370825 974.6586420386893 245.1897175833002 2.1609697288328453 0.14363864641694513
0 0 600.0 350.0 0.0 700.0 300.11235828764745 366.8104867735156 0.23286055902159675 0.021733652179264755 977.3111698674645 244.40156706521879 2.652527828775236 -0.788150518081425
0 0 600.0 350.0 0.0 700.0 300.02323098204795 366.80216822499165 -0.08912730559953111 -0.008318548523970758 978.8112219314606 243.06307053537347 1.5000520639961286 -1.3384965298452987
0 0 600.0 350.0 0.0 700.0 299.64431459828955 366.7668026958333 -0.37891638375841 -0.03536552915834211 980.7199272568239 241.23656557249137 1.908705325363304 -1.8265049628821248
0 0 600.0 350.0 0.0 700.0 299.60199166162585 366.76285255507713 -0.04232293666370002 -0.003950140756135954 983.1696013777874 239.96161584881781 2.4496741209635147 -1.274949723673584
0 0 600.0 350.0 0.0 700.0 299.86260282734736 366.787176263883 0.2606111657215363 0.0243237088058782 984.7220032440122 238.65771507085623 1.5524018662246966 -1.3039007779615874
0 0 600.0 350.0 0.0 700.0 300.3958546852156 366.8369464372947 0.533251857868245 0.0497701734117333 986.6399845278966 236.64436406003068 1.9179812838843906 -2.0133510108255352
0 0 600.0 350.0 0.0 700.0 300.5770795485782 366.85386075787886 0.18122486336255478 0.016914320584152705 987.8289383066002 234.70799180047976 1.1889537787036302 -1.9363722595509225
0 0 600.0 350.0 0.0 700.0 300.4414801168856 366.8412048109182 -0.13559943169256627 -0.012655946960670674 989.3719255323263 232.4330662024406 1.5429872257260842 -2.274925598039175
0 0 600.0 350.0 0.0 700.0 300.02073881964344 366.8019356231672 -0.42074129724217274 -0.03926918775103876 990.9888120559805 231.31090350214038 1.6168865236541947 -1.1221627003002557
0 0 600.0 350.0 0.0 700.0 299.34336984340666 366.73871451870417 -0.6773689762367563 -0.06322110446303703 992.6855539277998 230.81015076342175 1.6967418718192573 -0.5007527387186541
0 0 600.0 350.0 0.0 700.0 299.0324395735124 366.7096943601741 -0.31093026989424233 -0.029020158530032817 993.9525579074401 229.7449777001877 1.2670039796403403 -1.0651730632340581
0 0 600.0 350.0 0.0 700.0 299.0513041393264 366.7114550529838 0.018864565814018852 0.0017606928096862672 994.8384195628814 229.1107204183827 0.8858616554413399 -0.6342572818050104
0 0 600.0 350.0 0.0 700.0 299.3669840572779 366.74091851199927 0.3156799179514532 0.029463459015440115 995.8395131815016 227.9424490739736 1.0010936186201729 -1.1682713444090984
0 0 600.0 350.0 0.0 700.0 299.949797792153 366.7953144605999 0.5828137348751443 0.054395948600617736 997.1364583724888 226.58085051222173 1.2969451909872194 -1.3615985617518762
0 0 600.0 350.0 0.0 700.0 300.77303196225944 366.8721496498271 0.823234170106473 0.07683518922720452 998.6934653823101 225.68685806184573 1.5570070098213327 -0.8939924503760224
0 0 600.0 350.0 0.0 700.0 301.21524090663644 366.9134224846449 0.44220894437698705 0.04127283481778782 999.3034153568473 224.7278338553482 0.6099499745370935 -0.9590242064975056
0 0 600.0 350.0 0.0 700.0 301.3145271478569 366.92268920049423 0.09928624122044927 0.009266715849316449 998.9313744843844 223.9946932406976 -0.3720408724629368 -0.7331406146505859
0 0 600.0 350.0 0.0 700.0 301.10518295623643 366.9031504092719 -0.20934419162043488 -0.01953879122230681 998.0232199611892 223.55273200511766 -0.9081545231951791 -0.4419612355799055
0 0 600.0 350.0 0.0 700.0 300.61807137505923 366.85768666168514 -0.48711158117723097 -0.045463747586763636 996.8005984943873 223.29300782864965 -1.2226214668019655 -0.25972417646800694
0 0 600.0 350.0 0.0 700.0 299.8809691432809 366.78889045337036 -0.7371022317783487 -0.06879620831476123 995.4243187086 222.81147642109852 -1.376279785787253 -0.48153140755112156
0 0 600.0 350.0 0.0 700.0 299.5162789433992 366.75485270137386 -0.36469019988168383 -0.034037751996495176 993.830231374102 221.4865220876237 -1.5940873344979734 -1.3249543334748313
0 0 600.0 350.0 0.0 700.0 299.4867595722245 366.75209756006365 -0.02951937117467196 -0.002755141310200788 992.4325338565604 220.31094878006343 -1.397697517541531 -1.1755733075602817
0 0 600.0 350.0 0.0 700.0 299.75889394688613 366.77749676837107 0.2721343746616406 0.02539920830744494 991.3650948915305 218.74692032096232 -1.0674389650299485 -1.5640284591010893
0 0 600.0 350.0 0.0 700.0 300.30251669280045 366.8282348913344 0.5436227459143241 0.05073812296330178 990.1292403703015 217.68106999816837 -1.2358545212288972 -1.0658503227939289
0 0 600.0 350.0 0.0 700.0 300.4930753554045 366.84602036651467 0.19055866260405036 0.01778547518030438 988.9578861920345 216.92365880238424 -1.1713541782670505 -0.7574111957841541
0 0 600.0 350.0 0.0 700.0 300.36587634302936 366.8341484586903 -0.12719901237520023 -0.011871907824349544 987.2561428403574 216.2007605536392 -1.7017433516771179 -0.7228982487450392
0 0 600.0 350.0 0.0 700.0 299.9526954231728 366.7955849061618 -0.41318091985652733 -0.03856355252852112 986.7004076650151 214.610014139734 -0.5557351753422703 -1.590746413905221
0 0 600.0 350.0 0.0 700.0 299.8795344040208 366.7887565443728 -0.07316101915203255 -0.006828361789007864 986.6826418784868 213.27984069462616 -0.017765786528203376 -1.330173445107832
0 0 600.0 350.0 0.0 700.0 300.1123912955028 366.8104898542493 0.23285689148202043 0.021733309876471686 985.9649707118748 211.1671051668783 -0.7176711666119943 -2.112735527747882
0 0 600.0 350.0 0.0 700.0 300.02326068911776 366.80217099765144 -0.08913060638502399 -0.008318856597833008 985.6983549605129 209.1155730552416 -0.26661575136184057 -2.0515321116366696
0 0 600.0 350.0 0.0 700.0 299.6443413346523 366.76680519122726 -0.3789193544654156 -0.03536580642415399 985.3442966539002 207.24494018366062 -0.35405830661269566 -1.8706328715809795
0 0 600.0 350.0 0.0 700.0 299.6020157243523 366.7628548009318 -0.042325610299996264 -0.003950390295460231 984.655634454078 205.54843309417328 -0.688662199822141 -1.6965070894873446
0 0 600.0 350.0 0.0 700.0 299.8626244838012 366.78717828515215 0.26060875944888273 0.024323484220346855 983.1897197226524 203.55544572018812 -1.4659147314256593 -1.9929873739851367
0 0 600.0 350.0 0.0 700.0 300.3958741760241 366.83694825643664 0.5332496922228827 0.0497699712844783 981.9468959310657 200.87498841175022 -1.2428237915867582 -2.6804573084379193
0 0 600.0 350.0 0.0 700.0 300.5770970903058 366.85386239510643 0.181222914281714 0.016914138669781108 980.7657734110661 198.37303277671833 -1.18112251999961 -2.5019556350318997
0 0 600.0 350.0 0.0 700.0 300.4414959044405 366.841206284423 -0.13560118586533942 -0.012656110683429148 979.9558825546653 195.48804933375965 -0.8098908564007725 -2.88498344295869
0 0 600.0 350.0 0.0 700.0 300.0207530284428 366.8019369493217 -0.420742875997691 -0.03926933510128175 979.1816176237351 192.5109186583545 -0.7742649309302692 -2.977130675405115
0 0 600.0 350.0 0.0 700.0 299.343382631326 366.73871571224475 -0.6773703971168432 -0.06322123707696425 979.3817126035153 190.27078153034762 0.2000949797802387 -2.2401371280068867
0 0 600.0 350.0 0.0 700.0 299.03245108263974 366.70969543436155 -0.3109315486862597 -0.029020277883219366 978.6206673163226 187.98901084701913 -0.7610452871926663 -2.2817706833284834
0 0 600.0 350.0 0.0 700.0 299.051314497541 366.7114560197527 0.01886341490126625 0.0017605853911429742 977.0703824507787 185.6152774932085 -1.5502848655440218 -2.3737333538106373
0 0 600.0 350.0 0.0 700.0 299.36699337967104 366.74091938209074 0.31567888213003964 0.02946336233806894 975.950360997035 184.17900245349847 -1.1200214537436863 -1.4362750397100754
0 0 600.0 350.0 0.0 700.0 299.949806182307 366.79531524368105 0.5828128026359349 0.054395861590310124 975.5986405169818 183.5225876731148 -0.35172048005314593 -0.6564147803836677
0 0 600.0 350.0 0.0 700.0 300.7730395133982 366.87215035459843 0.8232333310912368 0.07683511091736978 974.9187266921155 183.84460207046925 -0.6799138248663952 0.3220143973544054
0 0 600.0 350.0 0.0 700.0 301.21524770266143 366.913423118938 0.4422081892632157 0.041272764339565476 973.3824589110529 183.86216234197445 -1.5362677810624863 0.01756027150522932
0 0 600.0 350.0 0.0 700.0 301.3145332642794 366.92268977135757 0.0992855616179964 0.009266652419544667 972.7692228905498 183.04037490945143 -0.6132360205030805 -0.8217874325230039
0 0 600.0 350.0 0.0 700.0 301.1051884610167 366.9031509230491 -0.20934480326270058 -0.019538848308478036 973.0104344892698 181.46436845945118 0.24121159871991726 -1.5760064500002788
0 0 600.0 350.0 0.0 700.0 300.6180763293614 366.85768712408543 -0.4871121316553275 -0.045463798963701785 973.9212616191162 179.57453735068248 0.9108271298464934 -1.8898311087687025
0 0 600.0 350.0 0.0 700.0 299.88097360215266 366.788890869532 -0.737102727208691 -0.06879625455341182 974.9680789485923 177.90823147294395 1.0468173294761276 -1.6663058777385746
0 0 600.0 350.0 0.0 700.0 299.51628295638375 366.75485307592004 -0.3646906457689284 -0.03403779361196116 976.2936737285866 177.37016428757806 1.325594779994249 -0.538067185365886
0 0 600.0 350.0 0.0 700.0 299.4867631839106 366.75209789715535 -0.029519772473137862 -0.0027551787647014866 977.1036540018574 177.21190233459538 0.8099802732708616 -0.1582619529827073
0 0 600.0 350.0 0.0 700.0 299.7588971974037 366.77749707175315 0.27213401349307514 0.02539917459781625 977.1039413853941 177.55246866586185 0.00028738353666402094 0.3405663312665235
0 0 600.0 350.0 0.0 700.0 300.3025196182664 366.82823516437725 0.5436224208626657 0.05073809262409614 977.0512694782182 177.7124329027306 -0.052671907175995736 0.1599642368687777
0 0 600.0 350.0 0.0 700.0 300.4930779883239 366.84602061225286 0.19055837005750142 0.01778544787562177 976.0425323785008 177.30096326701016 -1.0087370997173257 -0.41146963572046064
0 0 600.0 350.0 0.0 700.0 300.36587871265675 366.8341486798549 -0.12719927566714728 -0.01187193239799535 974.9998104250097 176.5339151829305 -1.0427219534911112 -0.7670480840796614
0 0 600.0 350.0 0.0 700.0 299.9526975558374 366.7955851052106 -0.4131811568193302 -0.03856357464426127 973.2973075695107 176.16019324226352 -1.7025028554990578 -0.3737219406669766
0 0 600.0 350.0 0.0 700.0 299.8795363234189 366.78875672351694 -0.07316123241851052 -0.006828381693652939 972.192871297438 176.41180613810695 -1.1044362720726524 0.2516128958434669
0 0 600.0 350.0 0.0 700.0 300.11239302296116 366.8104900154785 0.23285669954226185 0.02173329196152363 971.208322959454 176.70542665828464 -0.98454833798404 0.29362052017768536
0 0 600.0 350.0 0.0 700.0 300.0232622438303 366.80217114275786 -0.08913077913086873 -0.008318872720621207 971.0501588314808 176.5460689446984 -0.1581641279732462 -0.15935771358625217
0 0 600.0 350.0 0.0 700.0 299.6443427338935 366.76680532182434 -0.378919509936783 -0.035365820933514876 971.4853357662965 176.57623284086299 0.4351769348158221 0.03016389616459833
0 0 600.0 350.0 0.0 700.0 299.6020169836694 366.76285491846943 -0.04232575022413143 -0.003950403354909187 972.567325736071 176.14398097586002 1.0819899697744941 -0.43225186500300566
0 0 600.0 350.0 0.0 700.0 299.86262561718667 366.78717839093525 0.2606086335172569 0.02432347246581646 973.1739305512931 176.54739571643734 0.6066048152221347 0.4034147405773748
0 0 600.0 350.0 0.0 700.0 300.3958751960712 366.83694835163965 0.5332495788845115 0.04976996070441421 973.4766663162717 177.07957961595378 0.3027357649785787 0.5321838995164517
0 0 600.0 350.0 0.0 700.0 300.5770980083483 366.8538624807884 0.18122281227708303 0.01691412914876149 974.3677602897218 177.54333002649219 0.8910939734500745 0.4637504105384552
0 0 600.0 350.0 0.0 700.0 300.4414967306787 366.84120636153705 -0.1356012776696032 -0.012656119251318926 976.0900033276455 178.92795974784917 1.722243037923727 1.3846297213570393
0 0 600.0 350.0 0.0 700.0 300.02075377205705 366.80193701872565 -0.42074295862162214 -0.03926934281137752 978.3226303268066 179.4785582236574 2.2326269991610417 0.5505984758082092
0 0 600.0 350.0 0.0 700.0 299.3433833005786 366.7387157747104 -0.677370471478457 -0.0632212440152392 980.6481863737616 179.75584091891994 2.3255560469550676 0.27728269526260635
0 0 600.0 350.0 0.0 700.0 299.03245168496693 366.7096954905818 -0.3109316156116255 -0.02902028412859412 983.1609527223695 180.08878672640446 2.5127663486079275 0.33294580748449637
0 0 600.0 350.0 0.0 700.0 299.0513150396354 366.7114560703512 0.01886335466852379 0.0017605797693752943 985.9548077041678 180.23829192034623 2.7938549817983245 0.1495051939417713
0 0 600.0 350.0 0.0 700.0 299.36699386755606 366.74091942762874 0.31567882792065904 0.0294633572775393 988.8319806668168 180.01924648208148 2.8771729626489773 -0.2190454382647048
0 0 600.0 350.0 0.0 700.0 299.94980662140364 366.7953152846636 0.5828127538475826 0.05439585703486659 992.2734632129683 178.85472184350806 3.4414825461515237 -1.1645246385733934
0 0 600.0 350.0 0.0 700.0 300.7730399085855 366.8721503914798 0.8232332871818385 0.07683510681619629 995.2498114607412 177.05219884705878 2.9763482477728975 -1.8025229964493188
0 0 600.0 350.0 0.0 700.0 301.21524805833013 366.9134231521294 0.4422081497446582 0.04127276064957078 996.95125733946 174.50592550834097 1.701445878718778 -2.546273338717807
0 0 600.0 350.0 0.0 700.0 301.3145335843813 366.922689801229 0.0992855260511955 0.009266649099612289 998.3867180279759 172.47449407127408 1.4354606885159809 -2.0314314370668987
0 0 600.0 350.0 0.0 700.0 301.1051887491084 366.90315094993366 -0.20934483527292091 -0.019538851295351115 999.469137724929 169.92223457023613 1.082419696953189 -2.5522595010379607
0 0 600.0 350.0 0.0 700.0 300.61807658864376 366.8576871482828 -0.48711216046462613 -0.04546380165081452 999.7933987529118 167.05300187098237 0.32426102798278744 -2.869232699253743
0 0 600.0 350.0 0.0 700.0 299.8809738355066 366.7888908913121 -0.7371027531371626 -0.06879625697071193 999.6691337452867 164.24862197707 -0.1242650076251619 -2.80437989391241
0 0 600.0 350.0 0.0 700.0 299.51628316640216 366.7548530955235 -0.3646906691044547 -0.034037795788583416 999.3454548694621 161.13366302303882 -0.3236788758245679 -3.1149589540311795
0 0 600.0 350.0 0.0 700.0 299.48676337292716 366.75209791479875 -0.029519793475011047 -0.0027551807247374813 999.7336846513962 158.20306238834416 0.38822978193407154 -2.9306006346947098
0 0 600.0 350.0 0.0 700.0 299.75889736751867 366.77749708763145 0.27213399459148946 0.02539917283271162 999.4805517987182 155.91274486338966 -0.25313285267798274 -2.2903175249544603
0 0 600.0 350.0 0.0 700.0 300.30251977137 366.82823517866586 0.543622403851342 0.05073809103439238 999.0942803549171 152.9397910768747 -0.38627144380109135 -2.9729537865149442
0 0 600.0 350.0 0.0 700.0 300.4930781261172 366.8460206251118 0.1905583547472139 0.017785446445918864 999.1853307488861 149.4950448162739 0.09105039396900888 -3.4447462606008465
0 0 600.0 350.0 0.0 700.0 300.36587883667073 366.83414869142814 -0.12719928944650494 -0.011871933683668786 999.4721569821573 146.5613208702863 0.28682623327115014 -2.9337239459875892
0 0 600.0 350.0 0.0 700.0 299.95269766744985 366.7955851156279 -0.4131811692208559 -0.03856357580025463 999.3720813779281 144.84915695946324 -0.1000756042291781 -1.712163910823105
0 0 600.0 350.0 0.0 700.0 299.87953642387004 366.788756732893 -0.07316124357980569 -0.006828382734882014 999.3785606116379 143.41302284139954 0.006479233709777127 -1.4361341180637281
0 0 600.0 350.0 0.0 700.0 300.11239311336726 366.8104900239159 0.2328566894972336 0.021733291022945623 998.5067186182592 142.01417303937285 -0.8718419933786437 -1.3988498020266582
0 0 600.0 350.0 0.0 700.0 300.02326232519573 366.8021711503518 -0.08913078817150824 -0.008318873564119329 998.3239558015949 140.6588915274133 -0.1827628166642863 -1.355281511959561
0 0 600.0 350.0 0.0 700.0 299.6443428071222 366.7668053286613 -0.3789195180735585 -0.03536582169052132 998.5472563354766 139.53206205223944 0.22330053388165763 -1.1268294751738186
0 0 600.0 350.0 0.0 700.0 299.6020170495751 366.7628549246232 -0.04232575754705248 -0.003950404038110641 998.1900661885346 138.23258051439507 -0.3571901469419564 -1.2994815378444098
0 0 600.0 350.0 0.0 700.0 299.8626256765019 366.7871783964722 0.2606086269268052 0.024323471849035837 997.7032973034887 137.5602375446358 -0.4867688850458897 -0.6723429697592764
0 0 600.0 350.0 0.0 700.0 300.3958752494552 366.83694835661964 0.5332495729532774 0.049769960147465514 998.214295339713 137.85416844647648 0.5109980362242856 0.29393090184068504
0 0 600.0 350.0 0.0 700.0 300.577098056394 366.853862485269 0.1812228069387971 0.01691412864938535 997.9579820199657 138.00414734906667 -0.25631331974731836 0.14997890259015073
0 0 600.0 350.0 0.0 700.0 300.44149677391977 366.84120636557014 -0.1356012824742349 -0.012656119698889553 997.9071630351881 138.44323240127596 -0.05081898477761615 0.43908505220929994
0 0 600.0 350.0 0.0 700.0 300.0207538109738 366.8019370223578 -0.4207429629459619 -0.039269343212355944 996.8946885274505 138.16168599090088 -1.0124745077375439 -0.28154641037504574
0 0 600.0 350.0 0.0 700.0 299.34338333560333 366.7387157779832 -0.6773704753705061 -0.06322124437458415 995.3807489057257 137.48927790730306 -1.513939621724862 -0.6724080835977773
0 0 600.0 350.0 0.0 700.0 299.03245171648905 366.70969549352947 -0.31093161911430817 -0.029020284453736164 993.345597599831 136.99456125918084 -2.03515130589468 -0.4947166481222691
0 0 600.0 350.0 0.0 700.0 299.0513150680053 366.7114560730045 0.01886335151626961 0.0017605794750311654 990.7779489408925 135.9940517503727 -2.567648658938405 -1.000509508808187
0 0 600.0 350.0 0.0 700.0 299.3669938930891 366.7409194300154 0.31567882508378997 0.029463357010918203 988.9642396532531 134.88419569297957 -1.8137092876394045 -1.1098560573931262
0 0 600.0 350.0 0.0 700.0 299.94980664438367 366.79531528680866 0.5828127512945577 0.05439585679322311 988.1601018209869 134.88135640655628 -0.8041378322662007 -0.0028392864233091064
0 0 600.0 350.0 0.0 700.0 300.7730399292679 366.87215039340595 0.8232332848842483 0.07683510659729974 988.406058493384 134.32276525141788 0.24595667239701657 -0.5585911551383816
0 0 600.0 350.0 0.0 700.0 301.2152480769446 366.91342315386015 0.4422081476766761 0.04127276045418042 988.7603586911084 134.7884709027885 0.3543001977244118 0.4657056513706014
0 0 600.0 350.0 0.0 700.0 301.3145336011344 366.9226898027855 0.09928552418986197 0.009266648925364558 988.6448213223924 135.10644098840328 -0.11553736871600467 0.31797008561477824
0 0 600.0 350.0 0.0 700.0 301.10518876418615 366.9031509513349 -0.20934483694827116 -0.019538851450566105 987.9215599619212 136.38465798847096 -0.7232613604712707 1.2782170000676882
0 0 600.0 350.0 0.0 700.0 300.61807660221353 366.857687149546 -0.48711216197259155 -0.04546380178889722 986.304722586334 137.31764410754442 -1.6168373755870715 0.9329861190734623
0 0 600.0 350.0 0.0 700.0 299.8809738477191 366.7888908924526 -0.7371027544944806 -0.06879625709338719 985.0274600962659 138.66229938292406 -1.2772624900680982 1.3446552753796397
0 0 600.0 350.0 0.0 700.0 299.5162831773932 366.7548530965519 -0.3646906703258838 -0.03403779590067309 984.6570374219349 139.25012653309102 -0.3704226743310435 0.5878271501669179
0 0 600.0 350.0 0.0 700.0 299.48676338281905 366.75209791572473 -0.029519794574149605 -0.0027551808271994264 983.9267392642191 139.43790123736187 -0.7302981577158005 0.1877747042708242
0 0 600.0 350.0 0.0 700.0 299.7588973764215 366.77749708846363 0.2721339936024121 0.025399172738917244 983.0412375270452 139.52784539024833 -0.8855017371739813 0.08994415288650395
0 0 600.0 350.0 0.0 700.0 300.3025197793828 366.82823517941205 0.5436224029613166 0.05073809094843221 982.7855962536888 139.59187962803833 -0.2556412733563773 0.06403423779000311
0 0 600.0 350.0 0.0 700.0 300.4930781333288 366.8460206257823 0.1905583539460377 0.017785446370198726 981.8540231765794 140.22673215984628 -0.931573077109416 0.6348525318079233
0 0 600.0 350.0 0.0 700.0 300.3658788431611 366.83414869203204 -0.1271992901677101 -0.01187193375024612 980.8604293596675 140.15281576495045 -0.9935938169119432 -0.07391639489580026
0 0 600.0 350.0 0.0 700.0 299.952697673291 366.79558511617336 -0.4131811698700814 -0.03856357585866524 980.6199674474855 139.34902955522057 -0.24046191218200808 -0.8037862097298714
0 0 600.0 350.0 0.0 700.0 299.8795364291271 366.78875673338405 -0.07316124416393721 -0.006828382789287758 980.8157171759663 138.87742802393097 0.19574972848084324 -0.47160153128961957
0 0 600.0 350.0 0.0 700.0 300.1123931180987 366.810490024357 0.23285668897160983 0.02173329097296693 980.4652170591631 137.48963761801258 -0.3505001168031498 -1.3877904059184138
0 0 600.0 350.0 0.0 700.0 300.023262329454 366.80217115074925 -0.08913078864469112 -0.008318873607798184 980.7343872877444 135.2557383116789 0.2691702285813245 -2.233899306333731
0 0 600.0 350.0 0.0 700.0 299.6443428109546 366.76680532901923 -0.37891951849940864 -0.035365821729986646 981.7614075274471 133.9518639600177 1.027020239702686 -1.303874351661237
0 0 600.0 350.0 0.0 700.0 299.60201705302427 366.7628549249454 -0.04232575793029775 -0.003950404073840827 982.3905960176892 133.73915045638603 0.62918849024206 -0.21271350363171138
0 0 600.0 350.0 0.0 700.0 299.8626256796062 366.78717839676204 0.26060862658190304 0.024323471816679036 983.9271178018708 134.29064414744118 1.536521784181671 0.5514936910551791
0 0 600.0 350.0 0.0 700.0 300.3958752522491 366.83694835688016 0.5332495726428879 0.0497699601181026 986.0861161325483 134.6200257582941 2.1589983306775453 0.3293816108529088
0 0 600.0 350.0 0.0 700.0 300.5770980589085 366.8538624855033 0.18122280665942897 0.01691412862314695 988.5242366775034 134.2982409898043 2.4381205449550594 -0.32178476848978066
0 0 600.0 350.0 0.0 700.0 300.4414967761828 366.84120636578103 -0.13560128272568445 -0.012656119722308887 991.4363015856724 134.50069074312512 2.912064908169008 0.2024497533207908
0 0 600.0 350.0 0.0 700.0 300.0207538130105 366.8019370225478 -0.4207429631722871 -0.039269343233212725 993.1242593758177 134.01031515043383 1.6879577901453786 -0.49037559269123854
0 0 600.0 350.0 0.0 700.0 299.34338333743625 366.7387157781554 -0.6773704755742846 -0.06322124439243607 994.8447476283378 132.74744818076385 1.7204882525201357 -1.2628669696699395
0 0 600.0 350.0 0.0 700.0 299.0324517181386 366.7096954936851 -0.3109316192976622 -0.029020284470301923 996.251584035442 132.01642452878912 1.4068364071041475 -0.7310236519747138
0 0 600.0 350.0 0.0 700.0 299.0513150694899 366.7114560731447 0.018863351351298907 0.0017605794596077216 998.4639897159377 130.60433401800117 2.2124056804957846 -1.412090510787898
0 0 600.0 350.0 0.0 700.0 299.36699389442526 366.7409194301412 0.31567882493536337 0.029463356996532967 1001.1102913658814 129.89501386570691 2.6463016499436116 -0.7093201522942414
0 0 600.0 350.0 0.0 700.0 299.9498066455863 366.795315286921 0.5828127511610212 0.054395856779768326 1002.7065836233093 129.22082423769587 1.5962922574278302 -0.6741896280110997
0 0 600.0 350.0 0.0 700.0 300.7730399303504 366.8721503935057 0.8232332847641077 0.07683510658473881 1005.0953335386007 128.8168571793043 2.3887499152913927 -0.4039670583915156
0 0 600.0 350.0 0.0 700.0 301.21524807791894 366.91342315394905 0.44220814756850396 0.04127276044336421 1006.6226969460464 127.81274898340496 1.5273634074456832 -1.0041081958993439
0 0 600.0 350.0 0.0 700.0 301.3145336020114 366.9226898028652 0.09928552409246066 0.009266648916126205 1007.5226906085713 127.6836284201188 0.8999936625248925 -0.1291205632861977
0 0 600.0 350.0 0.0 700.0 301.1051887649754 366.9031509514068 -0.20934483703597767 -0.019538851458394714 1008.1349374177933 127.25841476180744 0.6122468092219565 -0.4252136583113976
0 0 600.0 350.0 0.0 700.0 300.61807660292385 366.85768714961137 -0.4871121620515714 -0.04546380179547184 1007.8700018630306 127.23784245221702 -0.26493555476265696 -0.020572309590415838
0 0 600.0 350.0 0.0 700.0 299.8809738483582 366.7888908925125 -0.7371027545656039 -0.06879625709886061 1007.5377265972899 127.81103523362151 -0.33227526574064553 0.5731927814044547
0 0 600.0 350.0 0.0 700.0 299.5162831779684 366.7548530966064 -0.36469067038984787 -0.03403779590610263 1007.8156791496518 127.44685549918631 0.2779525523619525 -0.36417973443516194
0 0 600.0 350.0 0.0 700.0 299.4867633833367 366.75209791577385 -0.029519794631673257 -0.0027551808325578866 1008.6095881325313 126.53954285710188 0.7939089828794847 -0.9073126420844705
0 0 600.0 350.0 0.0 700.0 299.75889737688743 366.77749708850746 0.2721339935506837 0.02539917273363504 1008.7572457680277 125.77593437947917 0.1476576354964786 -0.7636084776227453
0 0 600.0 350.0 0.0 700.0 300.30251977980225 366.8282351794507 0.5436224029147998 0.05073809094326305 1008.0153913922333 124.4026215818277 -0.7418543757944401 -1.3733127976514972
0 0 600.0 350.0 0.0 700.0 300.4930781337064 366.8460206258167 0.19055835390412734 0.017785446366030938 1006.847432236011 123.44510176718438 -1.1679591562223282 -0.9575198146433415
0 0 600.0 350.0 0.0 700.0 300.3658788435009 366.8341486920632 -0.12719929020547377 -0.011871933753521927 1006.6381032850511 123.3631267753293 -0.2093289509598799 -0.08197499185512935
0 0 600.0 350.0 0.0 700.0 299.9526976735968 366.79558511620206 -0.4131811699041114 -0.03856357586115586 1006.1422455233371 123.98950199919591 -0.4958577617139246 0.6263752238666058
0 0 600.0 350.0 0.0 700.0 299.8795364294023 366.78875673340946 -0.07316124419446585 -0.006828382792582629 1005.8142786454606 124.31077798013575 -0.32796687787652395 0.32127598093985965
0 0 600.0 350.0 0.0 700.0 300.1123931183464 366.81049002438016 0.2328566889440698 0.021733290970689025 1005.1605520037926 123.71225773390154 -0.6537266416679265 -0.5985202462341956
0 0 600.0 350.0 0.0 700.0 300.0232623296769 366.8021711507703 -0.08913078866947366 -0.008318873609886247 1003.7190745264967 122.66969161285101 -1.4414774772959422 -1.0425661210505532
0 0 600.0 350.0 0.0 700.0 299.64434281115547 366.76680532903555 -0.3789195185214464 -0.035365821734721706 1002.8718588883099 121.84513835987991 -0.847215638186704 -0.8245532529710463
0 0 600.0 350.0 0.0 700.0 299.60201705320515 366.76285492495947 -0.042325757950321063 -0.0039504040760748454 1002.3691232094708 121.48371482427433 -0.5027356788391292 -0.36142353560554175
0 0 600.0 350.0 0.0 700.0 299.8626256797688 366.7871783967762 0.26060862656368866 0.0243234718167403 1002.6053373766772 120.21729194066859 0.2362141672064102 -1.266422883605781
0 0 600.0 350.0 0.0 700.0 300.3958752523951 366.8369483568966 0.5332495726262888 0.049769960120366566 1002.9320969367706 118.7996081662825 0.32675956009335794 -1.4176837743860735
0 0 600.0 350.0 0.0 700.0 300.5770980590398 366.8538624855197 0.1812228066446851 0.016914128623091402 1003.3535146090604 117.3439294684357 0.42141767228988275 -1.4556786978467373
0 0 600.0 350.0 0.0 700.0 300.44149677630105 366.84120636579524 -0.13560128273875685 -0.012656119724470616 1004.1481897926459 116.25006990498991 0.7946751835854153 -1.0938595634457595
0 0 600.0 350.0 0.0 700.0 300.0207538131172 366.801937022558 -0.4207429631838535 -0.039269343237288264 1005.8428833516399 115.62802763786499 1.6946935589939667 -0.6220422671249591
0 0 600.0 350.0 0.0 700.0 299.3433833375328 366.7387157781588 -0.6773704755844057 -0.0632212443991969 1006.5726787588542 114.97538691146951 0.7297954072142814 -0.6526407263954754
0 0 600.0 350.0 0.0 700.0 299.03245171822584 366.70969549368493 -0.3109316193070071 -0.029020284473859705 1008.07486789577 114.75023588070701 1.5021891369158147 -0.2251510307624509
0 0 600.0 350.0 0.0 700.0 299.0513150695685 366.7114560731439 0.018863351342651102 0.0017605794589503412 1008.7212582322736 113.71045817057848 0.646390336503607 -1.039777710128476
0 0 600.0 350.0 0.0 700.0 299.3669938944958 366.74091943014236 0.31567882492734334 0.029463356998480003 1009.8159369852698 112.72106042807354 1.0946787529961215 -0.9893977425048943
0 0 600.0 350.0 0.0 700.0 299.94980664564935 366.79531528692644 0.5828127511535652 0.05439585678406883 1010.482420925243 112.34068339180067 0.6664839399731532 -0.38037703627282515
0 0 600.0 350.0 0.0 700.0 300.7730399304065 366.8721503935176 0.8232332847571624 0.07683510659112666 1010.3449181727615 111.40537227293419 -0.13750275248146426 -0.9353111188664593
0 0 600.0 350.0 0.0 700.0 301.215248077969 366.9134231539642 0.4422081475624907 0.04127276044656827 1010.3618884403395 110.8032781936929 0.016970267577999465 -0.6020940792412565
0 0 600.0 350.0 0.0 700.0 301.3145336020563 366.92268980288065 0.09928552408728636 0.009266648916464386 1010.9682575661293 109.43891394758589 0.6063691257897487 -1.364364246106968
0 0 600.0 350.0 0.0 700.0 301.1051887650159 366.90315095142 -0.20934483704039758 -0.01953885146062916 1010.9310067123107 108.07759968813014 -0.037250853818635576 -1.361314259455712
0 0 600.0 350.0 0.0 700.0 300.61807660296057 366.85768714962 -0.48711216205531394 -0.0454638018000042 1011.6367342175886 106.09209567901325 0.7057275052778724 -1.9855040091169305
0 0 600.0 350.0 0.0 700.0 299.8809738483918 366.7888908925146 -0.7371027545687392 -0.06879625710543727 1011.8880480222824 103.57692788770737 0.251313804693852 -2.5151677913058625
0 0 600.0 350.0 0.0 700.0 299.5162831779989 366.75485309660513 -0.3646906703929093 -0.03403779590945344 1012.989264235839 101.86771110732775 1.101216213556583 -1.709216780379587
0 0 600.0 350.0 0.0 700.0 299.48676338336423 366.7520979157721 -0.02951979463466281 -0.0027551808330639437 1014.552309793172 99.3462421086034 1.5630455573330209 -2.5214689987243677
0 0 600.0 350.0 0.0 700.0 299.758897376912 366.77749708850774 0.27213399354775986 0.025399172735677832 1016.3365480036738 96.99043129938332 1.784238210501817 -2.3558108092201353
0 0 600.0 350.0 0.0 700.0 300.3025197798239 366.8282351794553 0.5436224029119382 0.05073809094756744 1018.6679138750221 94.98055182734527 2.3313658713483143 -2.0098794720380844
0 0 600.0 350.0 0.0 700.0 300.4930781337257 366.8460206258227 0.19055835390178782 0.01778544636737654 1020.7664306384783 92.20668761963725 2.098516763456093 -2.773864207707981
0 0 600.0 350.0 0.0 700.0 300.3658788435184 366.83414869206786 -0.1271992902073459 -0.011871933754812044 1021.8027243635403 88.9337995511404 1.0362937250620115 -3.2728880684968775
0 0 600.0 350.0 0.0 700.0 299.9526976736128 366.7955851162031 -0.41318116990556725 -0.03856357586477122 1022.8186207587847 85.87736977131533 1.0158963952444866 -3.056429779825109
0 0 600.0 350.0 0.0 700.0 299.87953642941676 366.7887567334102 -0.07316124419605258 -0.006828382792875776 1024.1836434065476 82.35127173792387 1.365022647762962 -3.5260980333914294
0 0 600.0 350.0 0.0 700.0 300.11239311835925 366.8104900243821 0.23285668894250217 0.021733290971921254 1025.6388132252362 79.60537794845106 1.4551698186884667 -2.7458937894727464
0 0 600.0 350.0 0.0 700.0 300.0232623296885 366.80217115077136 -0.08913078867070412 -0.008318873610710206 1026.512589691786 77.66181141064294 0.8737764665496786 -1.9435665378081644
0 0 600.0 350.0 0.0 700.0 299.644342811166 366.76680532903595 -0.37891951852255656 -0.03536582173543433 1027.501892290941 75.34354176620252 0.9893025991550497 -2.3182696444404263
0 0 600.0 350.0 0.0 700.0 299.60201705321464 366.7628549249597 -0.04232575795136556 -0.003950404076230304 1027.6573005563318 72.53097755012232 0.15540826539094865 -2.8125642160802613
0 0 600.0 350.0 0.0 700.0 299.86262567977735 366.78717839677677 0.260608626562703 0.02432347181709045 1027.4156471130239 70.07237810385766 -0.24165344330793284 -2.458599446264639
0 0 600.0 350.0 0.0 700.0 300.39587525240273 366.83694835689795 0.533249572625356 0.04976996012117181 1027.0655229841193 67.47079155986171 -0.3501241289046069 -2.6015865439959485
0 0 600.0 350.0 0.0 700.0 300.57709805904665 366.8538624855213 0.18122280664389123 0.01691412862332743 1027.5454593507586 65.2135748948034 0.4799363666392925 -2.2572166650583156
0 0 600.0 350.0 0.0 700.0 300.44149677630725 366.84120636579655 -0.1356012827394256 -0.012656119724748213 1027.9988434203449 63.02957145914195 0.45338406958623917 -2.1840034356614364
0 0 600.0 350.0 0.0 700.0 300.02075381312284 366.80193702255855 -0.4207429631844097 -0.03926934323802713 1028.9725092955155 60.916871063681356 0.9736658751705682 -2.112700395460574
0 0 600.0 350.0 0.0 700.0 299.343383337538 366.73871577815805 -0.6773704755848488 -0.06322124440047827 1029.5486484112598 58.652577337348816 0.5761391157443787 -2.2642937263325154
0 0 600.0 350.0 0.0 700.0 299.03245171823056 366.70969549368357 -0.3109316193074573 -0.02902028447446196 1030.5577678148202 56.18465088844755 1.009119403560317 -2.46792644890131
0 0 600.0 350.0 0.0 700.0 299.05131506957275 366.71145607314253 0.018863351342194357 0.0017605794589606177 1031.2060602111412 54.43795284035957 0.6482923963211178 -1.7466980480879373
0 0 600.0 350.0 0.0 700.0 299.3669938944996 366.74091943014156 0.315678824926881 0.02946335699903929 1032.3012185907262 52.992719218820866 1.095158379584883 -1.4452336215386716
0 0 600.0 350.0 0.0 700.0 299.9498066456527 366.79531528692667 0.5828127511530989 0.05439585678511076 1034.0653287913826 51.29406002983319 1.7641102006564897 -1.6986591889876304
0 0 600.0 350.0 0.0 700.0 300.77303993040937 366.87215039351923 0.8232332847566955 0.07683510659256967 1035.6530411495792 50.14093255946375 1.587712358196616 -1.1531274703694794
0 0 600.0 350.0 0.0 700.0 301.21524807797147 366.91342315396656 0.44220814756211996 0.04127276044733713 1037.677134115361 49.395960730897855 2.024092965781767 -0.7449718285658988
0 0 600.0 350.0 0.0 700.0 301.3145336020585 366.9226898028832 0.09928552408700175 0.009266648916630205 1038.5478876227123 49.27687446313905 0.8707535073512036 -0.11908626775874986
0 0 600.0 350.0 0.0 700.0 301.1051887650179 366.9031509514222 -0.20934483704060414 -0.019538851461010726 1039.6720068331952 48.725876750096745 1.1241192104828066 -0.5509977130422952
0 0 600.0 350.0 0.0 700.0 300.61807660296245 366.8576871496213 -0.48711216205544916 -0.04546380180089185 1041.3696448272294 47.9617651800304 1.697637994034213 -0.7641115700663162
0 0 600.0 350.0 0.0 700.0 299.88097384839364 366.78889089251453 -0.7371027545688102 -0.06879625710677865 1043.223655762502 48.18491421323472 1.8540109352724896 0.22314903320429913
0 0 600.0 350.0 0.0 700.0 299.5162831780006 366.75485309660445 -0.3646906703930259 -0.034037795910096896 1045.4524029143572 48.09329991318964 2.2287471518553508 -0.09161430004507903
0 0 600.0 350.0 0.0 700.0 299.48676338336577 366.75209791577134 -0.0295197946348158 -0.0027551808331280417 1047.7527820516395 48.3970926137805 2.300379137282401 0.3037927005908365
0 0 600.0 350.0 0.0 700.0 299.75889737691335 366.77749708850746 0.27213399354757467 0.02539917273612916 1050.7497730573668 49.304026346326395 2.9969910057271867 0.9069337325458877
0 0 600.0 350.0 0.0 700.0 300.3025197798251 366.82823517945593 0.5436224029117244 0.050738090948479087 1054.4429016455674 50.206086197158925 3.6931285882005755 0.9020598508325741
0 0 600.0 350.0 0.0 700.0 300.4930781337267 366.8460206258236 0.19055835390164239 0.017785446367694035 1057.8799774507297 50.23010050799928 3.437075805162295 0.02401431084030292
0 0 600.0 350.0 0.0 700.0 300.3658788435193 366.8341486920686 -0.12719929020743118 -0.011871933755015156 1060.9920857880006 50.53110368609509 3.112108337270996 0.3010031780957895
0 0 600.0 350.0 0.0 700.0 299.95269767361367 366.7955851162031 -0.4131811699055946 -0.0385635758654834 1062.7959164396727 51.38806920863942 1.803830651672161 0.8569655225442895
0 0 600.0 350.0 0.0 700.0 299.87953642941756 366.7887567334101 -0.07316124419612369 -0.006828382793018544 1063.9088550904978 52.144754374618515 1.1129386508250396 0.7566851659790677
0 0 600.0 350.0 0.0 700.0 300.11239311835993 366.8104900243823 0.23285668894239508 0.021733290972254814 1064.819983655222 53.544633607818355 0.9111285647241174 1.3998792331998722
0 0 600.0 350.0 0.0 700.0 300.02326232968915 366.80217115077147 -0.08913078867076024 -0.00831887361084133 1066.024112615705 55.45066483231881 1.2041289604832033 1.9060312245004432
0 0 600.0 350.0 0.0 700.0 299.6443428111666 366.7668053290352 -0.3789195185225413 -0.03536582173625665 1067.6652650447631 57.22412333553132 1.6411524290581934 1.773458503212467
0 0 600.0 350.0 0.0 700.0 299.6020170532152 366.7628549249589 -0.042325757951413745 -0.003950404076306535 1068.6484348438207 59.30633506731476 0.9831697990576156 2.082211731783472
0 0 600.0 350.0 0.0 700.0 299.8626256797778 366.78717839677654 0.2606086265626006 0.02432347181765344 1070.526364109295 61.938909873823036 1.8779292654741226 2.632574806508308
0 0 600.0 350.0 0.0 700.0 300.395875252403 366.8369483568988 0.5332495726252096 0.04976996012226012 1071.5208123244656 64.26844026923516 0.9944482151706118 2.329530395412116
0 0 600.0 350.0 0.0 700.0 300.5770980590468 366.8538624855225 0.18122280664381707 0.016914128623688945 1072.976413930923 65.88736319804536 1.4556016064572592 1.6189229288101727
0 0 600.0 350.0 0.0 700.0 300.44149677630736 366.84120636579746 -0.1356012827394359 -0.012656119725027198 1074.9529819658987 67.0802108870347 1.976568034975877 1.1928476889893114
0 0 600.0 350.0 0.0 700.0 300.020753813123 366.8019370225586 -0.4207429631843627 -0.03926934323888112 1076.2211730819063 67.44321755640863 1.2681911160075467 0.36300666937391046
0 0 600.0 350.0 0.0 700.0 299.3433833375383 366.73871577815675 -0.6773704755847518 -0.06322124440183083 1076.6099942805733 67.39923618651176 0.38882119866717635 -0.043981369896824496
0 0 600.0 350.0 0.0 700.0 299.03245171823085 366.7096954936817 -0.31093161930742613 -0.02902028447507768 1076.8018426073731 66.36077671740009 0.19184832679976094 -1.0384594691116573
0 0 600.0 350.0 0.0 700.0 299.05131506957304 366.7114560731407 0.018863351342168044 0.0017605794589886925 1076.980522989966 64.58742932276425 0.17868038259287464 -1.7733473946358258
0 0 600.0 350.0 0.0 700.0 299.36699389449984 366.74091943014037 0.3156788249268035 0.029463356999640613 1078.0985905996683 63.02505778739271 1.1180676097025037 -1.562371535371533
0 0 600.0 350.0 0.0 700.0 299.9498066456528 366.7953152869266 0.5828127511529761 0.0543958567862203 1079.5306914017979 61.64120051263808 1.4321008021296273 -1.3838572747546096
0 0 600.0 350.0 0.0 700.0 300.77303993040937 366.8721503935206 0.823233284756548 0.07683510659396621 1081.455382646298 59.51068843050439 1.9246912445000668 -2.130512082133728
0 0 600.0 350.0 0.0 700.0 301.2152480779714 366.91342315396867 0.44220814756203597 0.04127276044807141 1082.3705791069776 58.080974959183436 0.9151964606796608 -1.4297134713209743
0 0 600.0 350.0 0.0 700.0 301.31453360205836 366.92268980288543 0.09928552408697411 0.009266648916777264 1083.8711700187534 56.31254943281749 1.5005909117757454 -1.768425526365905
0 0 600.0 350.0 0.0 700.0 301.1051887650178 366.90315095142404 -0.2093448370405822 -0.019538851461380163 1084.4257108553504 55.6119277720245 0.5545408365968876 -0.700621660792967
0 0 600.0 350.0 0.0 700.0 300.6180766029624 366.85768714962234 -0.4871121620553836 -0.04546380180171456 1085.195584151454 54.84791230021119 0.7698732961035845 -0.7640154718132649
0 0 600.0 350.0 0.0 700.0 299.8809738483937 366.7888908925143 -0.7371027545687052 -0.06879625710801184 1085.6524381197603 54.27929147895645 0.4568539683062153 -0.5686208212547534
0 0 600.0 350.0 0.0 700.0 299.5162831780007 366.75485309660365 -0.3646906703929854 -0.03403779591062789 1086.50365744963 53.4888781710614 0.8512193298697015 -0.7904133078950433
0 0 600.0 350.0 0.0 700.0 299.4867633833659 366.75209791577055 -0.029519794634825458 -0.0027551808331122626 1086.783729111613 53.55593012463464 0.28007166198300504 0.0670519535731976
0 0 600.0 350.0 0.0 700.0 299.7588973769134 366.7774970885072 0.2721339935475225 0.025399172736608633 1086.4218933884554 54.28210146030517 -0.36183572315756857 0.7261713356705202
0 0 600.0 350.0 0.0 700.0 300.30251977982505 366.82823517945644 0.5436224029116443 0.05073809094926621 1085.9062305242733 55.065217599629136 -0.5156628641821996 0.7831161393240198
0 0 600.0 350.0 0.0 700.0 300.49307813372667 366.84602062582434 0.19055835390161752 0.01778544636789647 1084.4874933681856 55.425283944738 -1.41873715608774 0.36006634510889024
0 0 600.0 350.0 0.0 700.0 300.3658788435193 366.83414869206905 -0.12719929020741183 -0.011871933755279937 1082.6393330096837 56.51550416564635 -1.8481603585019704 1.090220220908393
0 0 600.0 350.0 0.0 700.0 299.9526976736137 366.795585116203 -0.4131811699055429 -0.03856357586608976 1080.1891620837014 57.18319154937126 -2.4501709259823627 0.667687383724876
0 0 600.0 350.0 0.0 700.0 299.87953642941756 366.78875673341014 -0.07316124419614661 -0.006828382792819349 1078.618286898549 58.62005939272467 -1.5708751851523275 1.4368678433533577
0 0 600.0 350.0 0.0 700.0 300.11239311835993 366.81049002438243 0.23285668894238742 0.021733290972294355 1078.1362177560404 60.910156116501184 -0.4820691425087118 2.2900967237764664
0 0 600.0 350.0 0.0 700.0 300.0232623296892 366.8021711507713 -0.08913078867073917 -0.008318873611105275 1077.8261625520618 61.99370625287645 -0.3100552039786085 1.0835501363753057
0 0 600.0 350.0 0.0 700.0 299.6443428111665 366.766805329037 -0.37891951852273126 -0.03536582173425586 1076.5740103055352 62.68390086737213 -1.2521522465264259 0.6901946144957253
0 0 600.0 350.0 0.0 700.0 299.60201705321504 366.762854924961 -0.0423257579514425 -0.003950404076029167 1076.3500144570924 63.03121056137775 -0.22399584844298137 0.3473096940056527
0 0 600.0 350.0 0.0 700.0 299.86262567977775 366.78717839677734 0.2606086265627218 0.02432347181632632 1075.5984679219016 62.57148355267611 -0.7515465351908526 -0.45972700870158884
0 0 600.0 350.0 0.0 700.0 300.39587525240324 366.8369483568967 0.5332495726254798 0.049769960119338846 1075.3223688603214 62.85872599146262 -0.2760990615801655 0.28724243878655875
0 0 600.0 350.0 0.0 700.0 300.57709805904716 366.85386248551936 0.181222806643912 0.01691412862264892 1074.957911519742 62.52142110997147 -0.3644573405792103 -0.3373048814911293
0 0 600.0 350.0 0.0 700.0 300.44149677630764 366.841206365795 -0.13560128273950178 -0.01265611972434267 1073.8461448760831 62.210730830388 -1.1117666436590024 -0.31069027958351497
0 0 600.0 350.0 0.0 700.0 300.02075381312306 366.80193702255843 -0.4207429631845767 -0.03926934323660783 1072.8710901009986 62.00228871613456 -0.9750547750844945 -0.2084421142534827
0 0 600.0 350.0 0.0 700.0 299.3433833375379 366.7387157781612 -0.6773704755851788 -0.063221244397276 1072.579587373532 62.03559005561044 -0.29150272746663863 0.033301339475872604
0 0 600.0 350.0 0.0 700.0 299.0324517182303 366.7096954936882 -0.31093161930762225 -0.029020284472994637 1072.574286407177 62.52377060555432 -0.005300966354980174 0.48818054994392257
0 0 600.0 350.0 0.0 700.0 299.05131506957247 366.711456073147 0.018863351342178203 0.0017605794588639173 1072.834161827895 63.053393316408005 0.25987542071808245 0.5296227108537424
0 0 600.0 350.0 0.0 700.0 299.36699389449944 366.7409194301446 0.315678824926998 0.02946335699754227 1073.9545488435638 62.95760008284299 1.1203870156686775 -0.0957932335650723
0 0 600.0 350.0 0.0 700.0 299.94980664565276 366.7953152869269 0.5828127511533364 0.05439585678234664 1075.0778335276248 63.604295395577424 1.123284684061059 0.6466953127344282
0 0 600.0 350.0 0.0 700.0 300.77303993040977 366.87215039351565 0.8232332847570316 0.07683510658877185 1076.9595821514085 65.15520268401633 1.8817486237837944 1.550907288438895
0 0 600.0 350.0 0.0 700.0 301.21524807797203 366.91342315396093 0.44220814756229315 0.04127276044530512 1077.6749668765249 65.73875045097145 0.7153847251162697 0.5835477669551481
0 0 600.0 350.0 0.0 700.0 301.31453360205904 366.92268980287713 0.09928552408702845 0.009266648916185581 1078.1498778818452 65.7764486595587 0.47491100532030084 0.03769820858724526
0 0 600.0 350.0 0.0 700.0 301.10518876501834 366.9031509514171 -0.20934483704070916 -0.019538851460028806 1079.2256021541746 65.03279888827831 1.0757242723292435 -0.7436497712803373
0 0 600.0 350.0 0.0 700.0 300.6180766029627 366.85768714961847 -0.48711216205567265 -0.04546380179862601 1080.3059762977268 64.78019322409523 1.0803741435522378 -0.2526056641831077
0 0 600.0 350.0 0.0 700.0 299.8809738483935 366.7888908925151 -0.7371027545691394 -0.06879625710336754 1082.2261638437524 63.96883930592912 1.920187546025601 -0.8113539181661403
0 0 600.0 350.0 0.0 700.0 299.5162831780003 366.7548530966066 -0.36469067039318775 -0.03403779590846748 1083.642222475859 62.400044782372674 1.4160586321066195 -1.5687945235564893
0 0 600.0 350.0 0.0 700.0 299.4867633833655 366.7520979157736 -0.02951979463483645 -0.0027551808330001405 1084.3795390316975 60.724332969390844 0.7373165558385186 -1.6757118129818613
0 0 600.0 350.0 0.0 700.0 299.7588973769132 366.77749708850854 0.27213399354768003 0.02539917273491709 1085.4493678786894 58.35166620761652 1.0698288469918 -2.3726667617743047
0 0 600.0 350.0 0.0 700.0 300.3025197798251 366.82823517945457 0.5436224029119449 0.050738090946042196 1087.4083680167723 56.1744965639798 1.959000138082959 -2.177169643636756
0 0 600.0 350.0 0.0 700.0 300.49307813372684 366.8460206258214 0.19055835390171616 0.017785446366836214 1088.70202123512 54.46791355850155 1.293653218347484 -1.7065830054781959
0 0 600.0 350.0 0.0 700.0 300.36587884351934 366.83414869206695 -0.12719929020748957 -0.011871933754449449 1090.0003402980667 53.82612971242895 1.2983190629467984 -0.6417838460726031
0 0 600.0 350.0 0.0 700.0 299.95269767361356 366.7955851162033 -0.413181169905772 -0.0385635758636358 1090.6921915385687 53.52321054382037 0.6918512405021091 -0.3029191686085386
0 0 600.0 350.0 0.0 700.0 299.8795364294174 366.7887567334105 -0.07316124419614428 -0.006828382792845533 1090.7054175303751 52.85816734446814 0.013225991806411375 -0.6650431993522724
0 0 600.0 350.0 0.0 700.0 300.1123931183599 366.81049002438186 0.23285668894247147 0.021733290971393274 1090.7126199862025 51.857692094447884 0.007202455827406985 -1.0004752500202148
0 0 600.0 350.0 0.0 700.0 300.0232623296891 366.8021711507714 -0.08913078867080196 -0.008318873610432567 1091.4566025088561 51.42917697371195 0.7439825226535707 -0.42851512073596987
0 0 600.0 350.0 0.0 700.0 299.64434281116644 366.7668053290362 -0.3789195185226401 -0.0353658217352327 1092.8847440600546 50.76309336285135 1.4281415511984483 -0.6660836108605828
0 0 600.0 350.0 0.0 700.0 299.60201705321504 366.76285492496 -0.042325757951426346 -0.003950404076202816 1093.5065194957215 49.71811562491291 0.6217754356669687 -1.0449777379383964
0 0 600.0 350.0 0.0 700.0 299.8626256797777 366.78717839677694 0.2606086265626654 0.024323471816931345 1094.3150816830741 49.211505033527146 0.8085621873525773 -0.5066105913857916
0 0 600.0 350.0 0.0 700.0 300.395875252403 366.83694835689766 0.5332495726253501 0.04976996012072965 1094.6714685833304 47.79756983096502 0.3563869002562433 -1.4139352025621192
0 0 600.0 350.0 0.0 700.0 300.5770980590469 366.85386248552084 0.18122280664386425 0.016914128623161922 1095.856749021687 46.13861713049198 1.1852804383564939 -1.6589527004730045
0 0 600.0 350.0 0.0 700.0 300.4414967763074 366.8412063657962 -0.13560128273947264 -0.012656119724652934 1096.5336279298147 45.34934542116139 0.6768789081277742 -0.7892717093306039
0 0 600.0 350.0 0.0 700.0 300.02075381312295 366.8019370225585 -0.42074296318447435 -0.03926934323770195 1097.469288653022 45.38583910660748 0.9356607232073839 0.03649368544607445
0 0 600.0 350.0 0.0 700.0 299.34338333753794 366.73871577815925 -0.6773704755849967 -0.06322124439922316 1099.0530121030101 45.37455796156644 1.5837234499881019 -0.011281145041014781
0 0 600.0 350.0 0.0 700.0 299.0324517182304 366.7096954936854 -0.31093161930754 -0.029020284473873094 1101.383046654166 45.936437928114174 2.3300345511559204 0.5618799665477634
0 0 600.0 350.0 0.0 700.0 299.0513150695726 366.7114560731443 0.018863351342172374 0.001760579458929018 1104.421320086182 47.22150146131332 3.038273432016075 1.2850635331991809
0 0 600.0 350.0 0.0 700.0 299.3669938944995 366.74091943014275 0.315678824926913 0.029463356998455842 1107.2159098545633 48.18163134291285 2.7945897683811287 0.9601298815994792
0 0 600.0 350.0 0.0 700.0 299.9498066456527 366.7953152869268 0.5828127511531804 0.05439585678402227 1109.1811912898106 48.524076220739175 1.9652814352472803 0.34244487782627897
0 0 600.0 350.0 0.0 700.0 300.77303993040954 366.8721503935177 0.8232332847568316 0.07683510659091933 1110.6765829579294 48.22975872702625 1.4953916681189017 -0.2943174937128846
0 0 600.0 350.0 0.0 700.0 301.21524807797175 366.9134231539641 0.44220814756218696 0.04127276044644583 1112.355084276643 48.03759449447466 1.678501318713559 -0.19216423255154225
0 0 600.0 350.0 0.0 700.0 301.31453360205876 366.92268980288054 0.09928552408700586 0.009266648916430097 1114.1945862209468 48.68282182808173 1.8395019443037774 0.6452273336070227
0 0 600.0 350.0 0.0 700.0 301.1051887650181 366.90315095141995 -0.20934483704065723 -0.019538851460583012 1115.089336295905 50.245465856986925 0.8947500749582518 1.5626440289051682
0 0 600.0 350.0 0.0 700.0 300.61807660296256 366.85768714962006 -0.4871121620555543 -0.04546380179989201 1114.9659268512055 52.09403389725924 -0.12340944469946324 1.8485680402723659
0 0 600.0 350.0 0.0 700.0 299.8809738483936 366.7888908925148 -0.7371027545689612 -0.06879625710527457 1115.390612768526 53.18574385733291 0.42468591732045485 1.0917099600736242
0 0 600.0 350.0 0.0 700.0 299.5162831780005 366.75485309660536 -0.3646906703930945 -0.034037795909463514 1115.7641944781499 54.30858707364541 0.3735817096239622 1.122843216312497
0 0 600.0 350.0 0.0 700.0 299.48676338336566 366.75209791577225 -0.029519794634824903 -0.0027551808331212624 1115.1811482507742 55.33287681400009 -0.5830462273756918 1.024289740354622
0 0 600.0 350.0 0.0 700.0 299.7588973769133 366.77749708850786 0.272133993547616 0.025399172735604384 1115.5796522184426 55.5646167812024 0.3985039676684219 0.23173996720232737
0 0 600.0 350.0 0.0 700.0 300.3025197798251 366.82823517945536 0.5436224029118079 0.05073809094751158 1116.3335145293995 56.650880821106284 0.7538623109569935 1.0862640399039034
0 0 600.0 350.0 0.0 700.0 300.4930781337268 366.84602062582275 0.1905583539016656 0.017785446367379693 1116.3471982471615 56.651625933560126 0.0136837177619068 0.0007451124538213616
0 0 600.0 350.0 0.0 700.0 300.36587884351934 366.83414869206797 -0.12719929020745838 -0.01187193375478281 1115.583893167056 57.065095499518975 -0.7633050801055046 0.4134695659588592
0 0 600.0 350.0 0.0 700.0 299.95269767361367 366.7955851162032 -0.41318116990566667 -0.03856357586476393 1114.4677059133653 57.442000955522985 -1.1161872536906037 0.37690545600406017
0 0 600.0 350.0 0.0 700.0 299.87953642941756 366.78875673341014 -0.07316124419612208 -0.006828382793082722 1113.609757684414 57.9071312092542 -0.8579482289512856 0.4651302537312232
0 0 600.0 350.0 0.0 700.0 300.11239311836 366.8104900243822 0.23285668894240952 0.02173329097205732 1112.9329423681118 58.54529107615895 -0.6768153163023759 0.6381598669047961
0 0 600.0 350.0 0.0 700.0 300.0232623296892 366.80217115077147 -0.08913078867077645 -0.008318873610705563 1112.2079030335933 60.030840920617266 -0.7250393345185115 1.4855498444583448
0 0 600.0 350.0 0.0 700.0 299.64434281116667 366.7668053290354 -0.37891951852256217 -0.03536582173606692 1111.7057055009197 60.672449460183316 -0.5021975326734884 0.6416085395660358
0 0 600.0 350.0 0.0 700.0 299.60201705321526 366.76285492495913 -0.042325757951419685 -0.00395040407627335 1110.312116834976 62.161646271621976 -1.3935886659438474 1.4891968114386431
0 0 600.0 350.0 0.0 700.0 299.86262567977786 366.78717839677665 0.26060862656261063 0.02432347181751807 1108.2436323452 64.24324162858909 -2.0684844897760253 2.0815953569670875
0 0 600.0 350.0 0.0 700.0 300.39587525240313 366.8369483568986 0.5332495726252404 0.04976996012190467 1106.7009959841448 66.27010036542185 -1.5426363610552536 2.026858736832753
0 0 600.0 350.0 0.0 700.0 300.57709805904693 366.85386248552214 0.18122280664382828 0.016914128623547055 1104.6257694573649 68.97222126729764 -2.075226526780001 2.702120901875735
0 0 600.0 350.0 0.0 700.0 300.4414967763075 366.8412063657972 -0.13560128273944266 -0.012656119724974445 1102.7490464321133 71.47931504264989 -1.8767230252514575 2.5070937753522617
0 0 600.0 350.0 0.0 700.0 300.02075381312306 366.80193702255855 -0.42074296318438725 -0.0392693432386359 1100.8155470297072 73.6290293292434 -1.9334994024062302 2.149714286593522
0 0 600.0 350.0 0.0 700.0 299.3433833375382 366.7387157781578 -0.6773704755848569 -0.06322124440072338 1099.4210729848564 74.83067670061803 -1.3944740448508721 1.201647371374651
0 0 600.0 350.0 0.0 700.0 299.03245171823073 366.7096954936832 -0.31093161930747504 -0.029020284474570442 1097.533228842944 76.57447335014012 -1.8878441419124827 1.7437966495221462
0 0 600.0 350.0 0.0 700.0 299.0513150695729 366.7114560731422 0.018863351342168155 0.0017605794589722334 1096.0696161873072 79.09589490510257 -1.4636126556366729 2.5214215549624672
0 0 600.0 350.0 0.0 700.0 299.3669938944998 366.74091943014133 0.315678824926847 0.02946335699916117 1095.534528295779 82.35955144793877 -0.5350878915282227 3.2636565428361566
0 0 600.0 350.0 0.0 700.0 299.94980664565287 366.79531528692667 0.5828127511530576 0.05439585678533426 1094.1608508747788 84.46559797917826 -1.373677421000175 2.106046531239504
0 0 600.0 350.0 0.0 700.0 300.77303993040954 366.8721503935195 0.8232332847566496 0.07683510659286472 1093.5483709980504 86.81632079964209 -0.612479876728357 2.350722820463788
0 0 600.0 350.0 0.0 700.0 301.21524807797164 366.913423153967 0.44220814756208826 0.04127276044749989 1093.4206132815864 89.54147575017839 -0.127757716463904 2.725154950536274
0 0 600.0 350.0 0.0 700.0 301.31453360205865 366.92268980288367 0.09928552408698321 0.009266648916669753 1092.905938124153 92.00333540298243 -0.514675157433474 2.461859652804038
0 0 600.0 350.0 0.0 700.0 301.10518876501806 366.9031509514226 -0.2093448370406117 -0.019538851461073994 1092.8015293479482 94.81663194300847 -0.1044087762047482 2.813296540026096
0 0 600.0 350.0 0.0 700.0 300.6180766029626 366.85768714962154 -0.4871121620554464 -0.04546380180105114 1093.701057480113 97.76110767519913 0.8995281321646995 2.944475732190663
0 0 600.0 350.0 0.0 700.0 299.8809738483938 366.78889089251453 -0.7371027545687983 -0.06879625710702332 1095.0958362499246 100.08588199452095 1.3947787698116771 2.3247743193218033
0 0 600.0 350.0 0.0 700.0 299.5162831780008 366.7548530966043 -0.3646906703930188 -0.0340377959102775 1095.7539141004186 101.32560711557267 0.6580778504939662 1.2397251210516786
0 0 600.0 350.0 0.0 700.0 299.48676338336594 366.7520979157711 -0.029519794634820018 -0.002755180833176444 1096.7206099462965 102.25955638605114 0.9666958458779558 0.9339492704784917
0 0 600.0 350.0 0.0 700.0 299.7588973769135 366.77749708850735 0.2721339935475578 0.025399172736225963 1097.1366761530203 103.64362833795894 0.41606620672379757 1.3840719519077436
0 0 600.0 350.0 0.0 700.0 300.3025197798252 366.82823517945604 0.5436224029116944 0.050738090948725396 1097.3914936064145 104.69329649910821 0.25481745339422857 1.049668161149289
0 0 600.0 350.0 0.0 700.0 300.49307813372684 366.8460206258239 0.1905583539016248 0.017785446367814813 1097.5102019797848 105.52904404579135 0.11870837337038306 0.8357475466831468
0 0 600.0 350.0 0.0 700.0 300.3658788435194 366.8341486920688 -0.12719929020743165 -0.011871933755070771 1097.0113666378 105.38085826085012 -0.4988353419848811 -0.1481857849412277
0 0 600.0 350.0 0.0 700.0 299.95269767361384 366.7955851162031 -0.4131811699055787 -0.038563575865708896 1096.7349568922696 105.24741725324031 -0.2764097455304302 -0.13344100760976557
0 0 600.0 350.0 0.0 700.0 299.8795364294177 366.78875673340997 -0.07316124419611858 -0.006828382793121854 1096.3969702055936 104.69097065518508 -0.3379866866761101 -0.5564465980551806
0 0 600.0 350.0 0.0 700.0 300.1123931183601 366.81049002438243 0.23285668894236997 0.021733290972480425 1096.3991525985757 103.39852506690943 0.0021823929822294974 -1.2924455882756773
0 0 600.0 350.0 0.0 700.0 300.0232623296893 366.8021711507715 -0.08913078867075877 -0.008318873610895876 1097.3260702054522 102.23069647998659 0.9269176068765302 -1.1678285869228326
0 0 600.0 350.0 0.0 700.0 299.64434281116684 366.7668053290347 -0.3789195185224914 -0.03536582173682673 1097.9655958196306 101.98843173767739 0.6395256141785144 -0.24226474230916928
0 0 600.0 350.0 0.0 700.0 299.60201705321543 366.76285492495833 -0.04232575795141019 -0.0039504040763759865 1098.6853329196797 102.68738859560028 0.7197371000490341 0.6989568579229363
0 0 600.0 350.0 0.0 700.0 299.862625679778 366.78717839677637 0.26060862656256284 0.02432347181802967 1100.03492849041 103.57507351034826 1.3495955707303562 0.8876849147480296
0 0 600.0 350.0 0.0 700.0 300.39587525240313 366.83694835689937 0.5332495726251381 0.04976996012300064 1101.4266575328922 104.64052290436291 1.391729042482245 1.0654493940146514
0 0 600.0 350.0 0.0 700.0 300.57709805904693 366.85386248552334 0.1812228066437917 0.016914128623938155 1102.3223404210182 106.38870863654097 0.8956828881259988 1.7481857321780851
0 0 600.0 350.0 0.0 700.0 300.44149677630753 366.8412063657981 -0.1356012827394184 -0.01265611972523498 1103.6161172392058 108.22752203262837 1.2937768181874492 1.8388133960874518
0 0 600.0 350.0 0.0 700.0 300.02075381312324 366.8019370225586 -0.42074296318430887 -0.03926934323947684 1104.8348037090543 109.44333966161366 1.2186864698484248 1.2158176289852447
0 0 600.0 350.0 0.0 700.0 299.3433833375385 366.7387157781565 -0.6773704755847317 -0.06322124440206418 1105.971372191622 109.73074665590116 1.1365684825676725 0.28740699428751526
0 0 600.0 350.0 0.0 700.0 299.0324517182311 366.70969549368135 -0.31093161930741847 -0.029020284475175583 1107.3300736294657 109.19097769150324 1.3587014378437008 -0.5397689643979138
0 0 600.0 350.0 0.0 700.0 299.05131506957326 366.71145607314037 0.018863351342164603 0.0017605794590114625 1107.8456535473993 108.21931930430628 0.5155799179336578 -0.9716583871969942
