0 0 600.0 350.0 0.0 700.0 120.29987422895765 350.0086860121491 0.2998742289576504 0.008686012149118157 1078.5 350.0 -1.5 -0.0
0 0 600.0 350.0 0.0 700.0 120.86963526397719 350.02518943523245 0.5697610350195358 0.016503423083324507 1075.65 350.0 -2.85 -0.0
0 0 600.0 350.0 0.0 700.0 121.68229442445242 350.0487285281566 0.8126591604752327 0.02353909292411021 1071.585 350.0 -4.0649999999999995 -0.0
0 0 600.0 350.0 0.0 700.0 122.71356189783778 350.0785997239374 1.03126747338536 0.029871195780817338 1066.4265 350.0 -5.1585 -0.0
0 0 600.0 350.0 0.0 700.0 123.94157685284225 350.1141698122892 1.2280149550044746 0.03557008835185376 1060.28385 350.0 -6.142650000000001 -0.0
0 0 600.0 350.0 0.0 700.0 125.34666454130392 350.154868903955 1.4050876884616774 0.040699091665786544 1053.255465 350.0 -7.028385000000001 -0.0
0 0 600.0 350.0 0.0 700.0 126.91111768987709 350.2001840986033 1.56445314857316 0.04531519464832606 1045.4299185 350.0 -7.825546500000001 -0.0
0 0 600.0 350.0 0.0 700.0 128.6189997525506 350.2496537859359 1.7078820626734945 0.04946968733261163 1036.88692665 350.0 -8.54299185 -0.0
0 0 600.0 350.0 0.0 700.0 130.4559678379144 350.30286251668434 1.8369680853637957 0.05320873074846866 1027.6982339850001 350.0 -9.188692665000001 -0.0
0 0 600.0 350.0 0.0 700.0 132.40911334369946 350.35943638650707 1.9531455057850666 0.05657386982273999 1017.9284105865001 350.0 -9.769823398500002 -0.0
0 0 600.0 350.0 0.0 700.0 134.46681852786367 350.41903888149665 2.0577051841642104 0.0596024949895842 1007.9284105865001 350.0 -10.0 -0.0
0 0 600.0 350.0 0.0 700.0 136.61862742256912 350.4813671391364 2.15180889470544 0.062328257639743985 997.9284105865001 350.0 -10.0 -0.0
0 0 600.0 350.0 0.0 700.0 138.85512965676168 350.5461485831613 2.2365022341925465 0.06478144402488778 987.9284105865001 350.0 -10.0 -0.0
0 0 600.0 350.0 0.0 700.0 141.16785589649263 350.61313789493283 2.3127262397309423 0.0669893117715172 977.9284105865001 350.0 -10.0 -0.0
0 0 600.0 350.0 0.0 700.0 143.5491837412081 350.6821142876763 2.3813278447154986 0.06897639274348366 967.9284105865001 350.0 -10.0 -0.0
0 0 600.0 350.0 0.0 700.0 145.9922530304097 350.7528790532946 2.4430692892015995 0.07076476561825348 957.9284105865001 350.0 -10.0 -0.0
0 0 600.0 350.0 0.0 700.0 148.49088961964878 350.82525335450015 2.4986365892390903 0.07237430120554632 947.9284105865001 350.0 -10.0 -0.0
0 0 600.0 350.0 0.0 700.0 151.03953677892162 350.8990762377343 2.5486471592728317 0.07382288323410986 937.9284105865001 350.0 -10.0 -0.0
0 0 600.0 350.0 0.0 700.0 153.63319345122483 350.9742028447941 2.593656672303199 0.07512660705981704 927.9284105865001 350.0 -10.0 -0.0
0 0 600.0 350.0 0.0 700.0 156.26735868525535 351.05050280329704 2.63416523403053 0.07629995850295349 917.9284105865001 350.0 -10.0 -0.0
0 0 600.0 350.0 0.0 700.0 158.93798162484046 351.1278587780988 2.6706229395851278 0.0773559748017763 907.9284105865001 350.0 -10.0 -0.0
0 0 600.0 350.0 0.0 700.0 161.64141649942474 351.2061651675695 2.7034348745842656 0.07830638947071684 897.9284105865001 350.0 -10.0 -0.0
0 0 600.0 350.0 0.0 700.0 164.3743821155082 351.28532693024226 2.7329656160834896 0.07916176267276334 887.9284105865001 350.0 -10.0 -0.0
0 0 600.0 350.0 0.0 700.0 167.13392539894102 351.36525852879686 2.7595432834327913 0.07993159855460519 877.9284105865001 350.0 -10.0 -0.0
0 0 600.0 350.0 0.0 700.0 169.91738858298817 351.44588297964515 2.7834631840471626 0.08062445084826285 867.9284105865001 350.0 -10.0 -0.0
0 0 600.0 350.0 0.0 700.0 172.72237967758826 351.5271309975577 2.804991094600097 0.08124801791255473 857.9284105865001 350.0 -10.0 -0.0
0 0 600.0 350.0 0.0 700.0 175.54674589168602 351.6089402258281 2.8243662140977377 0.08180922827041742 847.9284105865001 350.0 -10.0 -0.0
0 0 600.0 350.0 0.0 700.0 178.38854971333163 351.6912545434206 2.8418038216456147 0.08231431759249386 837.9284105865001 350.0 -10.0 -0.0
0 0 600.0 350.0 0.0 700.0 181.24604738177032 351.77402344140296 2.857497668438704 0.08276889798236266 827.9284105865001 350.0 -10.0 -0.0
0 0 600.0 350.0 0.0 700.0 184.1176695123228 351.8572014617362 2.8716221305524843 0.08317802033324458 817.9284105865001 350.0 -10.0 -0.0
0 0 600.0 350.0 0.0 700.0 187.00200365877768 351.94074769218525 2.8843341464548864 0.08354623044903829 807.9284105865001 350.0 -10.0 -0.0
0 0 600.0 350.0 0.0 700.0 189.89777861954474 352.02462531173853 2.8957749607670484 0.08387761955325264 797.9284105865001 350.0 -10.0 -0.0
0 0 600.0 350.0 0.0 700.0 192.80385031319273 352.1088011814856 2.9060716936479944 0.08417586974704554 787.9284105865001 350.0 -10.0 -0.0
0 0 600.0 350.0 0.0 700.0 195.71918906643356 352.19324547640707 2.9153387532408455 0.08444429492145912 777.9284105865001 350.0 -10.0 -0.0
0 0 600.0 350.0 0.0 700.0 198.64286817330796 352.2779313539855 2.9236791068744115 0.08468587757843135 767.9284105865001 350.0 -10.0 -0.0
0 0 600.0 350.0 0.0 700.0 201.5740535984526 352.36283465595517 2.931185425144621 0.08490330196970637 757.9284105865001 350.0 -10.0 -0.0
0 0 600.0 350.0 0.0 700.0 204.5119947100404 352.447933639877 2.9379411115878096 0.08509898392185389 747.9284105865001 350.0 -10.0 -0.0
0 0 600.0 350.0 0.0 700.0 207.4560159394271 352.5332087375558 2.944021229386679 0.08527509767878667 737.9284105865001 350.0 -10.0 -0.0
0 0 600.0 350.0 0.0 700.0 210.40550927483275 352.6186423376158 2.949493335405662 0.08543360006002618 727.9284105865001 350.0 -10.0 -0.0
0 0 600.0 350.0 0.0 700.0 213.3599275056555 352.704218589819 2.9544182308227462 0.08557625220314173 717.9284105865001 350.0 -10.0 -0.0
0 0 600.0 350.0 0.0 700.0 216.3187781423536 352.78992322895095 2.958850636698122 0.08570463913194572 707.9284105865001 350.0 -10.0 -0.0
0 0 600.0 350.0 0.0 700.0 219.28161794433956 352.8757434163188 2.9628398019859605 0.08582018736786928 697.9284105865001 350.0 -10.0 -0.0
0 0 600.0 350.0 0.0 700.0 222.24804799508456 352.961667597099 2.966430050745015 0.08592418078020052 687.9284105865001 350.0 -10.0 -0.0
0 0 600.0 350.0 0.0 700.0 225.2177092697127 353.0476853719503 2.9696612746281645 0.08601777485129863 677.9284105865001 350.0 -10.0 -0.0
0 0 600.0 350.0 0.0 700.0 228.19027864583572 353.1337873814656 2.9725693761229985 0.08610200951528693 667.9284105865001 350.0 -10.0 -0.0
0 0 600.0 350.0 0.0 700.0 231.16546531330405 353.21996520217846 2.9751866674683494 0.0861778207128764 657.9284105865001 350.0 -10.0 -0.0
0 0 600.0 350.0 0.0 700.0 234.1430075429832 353.30621125296915 2.977542229679165 0.08624605079070692 647.9284105865001 350.0 -10.0 -0.0
0 0 600.0 350.0 0.0 700.0 237.12266977865212 353.3925187108299 2.9796622356688993 0.0863074578607544 637.9284105865001 350.0 -10.0 -0.0
0 0 600.0 350.0 0.0 700.0 240.1042400197118 353.4788814350537 2.98157024105966 0.08636272422379714 627.9284105865001 350.0 -10.0 -0.0
0 0 588.197468963653 352.1680085645743 -11.802531036346934 702.1680085645743 243.08752746562314 353.56529389900425 2.9832874459113445 0.08641246395053558 618.6284105865002 350.0 -9.3 -0.0
0 0 578.5193935138485 353.9457755875252 -9.678075449804485 701.7777670229509 246.072360395901 353.65175112870884 2.984832930277861 0.0864572297046002 608.7622028897559 350.10659516031825 -9.866207696744247 0.10659516031827562
0 0 570.3743252152931 355.44194431404065 -8.145068298555453 701.4961687265155 249.05858426210872 353.7382486475921 2.9862238662077254 0.08649751888325835 598.7659747736485 350.38122846263826 -9.996228116107435 0.27463330231998706
0 0 563.3924821394893 356.724440037902 -6.981843075803801 701.2824957238614 252.04605997065332 353.8247824267362 2.9874757085446033 0.08653377914405068 588.7778279282888 350.86797541489614 -9.988146845359637 0.4867469522579001
0 0 557.3251667247916 357.8389460487339 -6.067315414697691 701.1145060108319 255.0346623373011 353.91134884011495 2.9886023666477937 0.08656641337876375 578.8052295465707 351.60776019235055 -9.972598381718115 0.7397847774543981
0 0 551.9961724925159 358.81782973906786 -5.328994232275699 700.978883690334 258.02427869624177 353.997944624305 2.989616358940665 0.08659578419000552 568.8589195985959 352.64261207490034 -9.946309947974838 1.034851882549764
0 0 547.275651028525 359.6849429821233 -4.720521463990993 700.8671132430554 261.014807648246 354.0845668422251 2.990528952004249 0.0866222179201231 558.9550755555516 354.0260401254532 -9.90384404304427 1.3834280505528755
0 0 543.0649223194694 360.4584123232517 -4.210728709055608 700.7734693411285 264.0061579340075 354.17121285050234 2.9913502857614747 0.0866460082772289 549.7416628814684 355.26581720853 -9.213412674083235 1.2397770830767751
0 0 539.2871061536702 361.1523598992095 -3.7778161657991896 700.6939475759578 266.99824742015045 354.25788027010094 2.992089486142978 0.08666741959862415 541.1496470906326 356.3758402167641 -8.592015790835799 1.110023008234135
0 0 535.8810657482721 361.77801593412676 -3.406040405398016 700.6256560349173 269.99100218663676 354.3445669598888 2.9927547664863305 0.08668668978787987 533.1168970065515 357.3686583045373 -8.032750084081009 0.9928180877731941
0 0 532.7973398695816 362.3444659688872 -3.0837258786905646 700.5664500347605 272.9843557054321 354.43127099284703 2.993353518795348 0.08670403295821003 525.5874943647002 358.2556025393664 -7.529402641851316 0.8869442348291332
0 0 520.7989891702412 362.14551749405956 -11.998350699340461 699.8010515251723 275.97824810130555 354.51799063465853 2.993892395873464 0.08671964181150717 518.5111124761152 359.0469034680533 -7.0763818885850105 0.7913009286869164
0 0 510.960341596782 361.9823797447009 -9.838647573459177 699.8368622506413 278.9726254865493 354.604724324438 2.994377385243768 0.0867336897794746 513.0333500053385 360.96578572325024 -5.477762470776662 1.918882255196951
0 0 502.68013579895876 361.8450830148406 -8.280205797823243 699.8627032701397 281.96743936222634 354.69147065738866 2.9948138756770417 0.08674633295064528 506.75658887002686 363.3532321262676 -6.2767611353117 2.3874464030173748
0 0 495.5824546750306 361.72739410327245 -7.097681123928162 699.8823110884318 284.96264607929334 354.77822836919336 2.995206717066988 0.08675771180469888 499.7006955266409 364.98146261574925 -7.055893343385939 1.6282304894816848
0 0 489.41447444054785 361.6251208582934 -6.1679802344827594 699.897726755021 287.9582063536113 354.8649963219667 2.9955602743179397 0.08676795277334713 492.1734602260576 365.51690622096254 -7.527235300583321 0.5354436052133134
0 0 483.9970651173527 361.5352930686768 -5.417409323195185 699.9101722103834 290.9540848294551 354.95177349161185 2.995878475843796 0.08677716964513055 484.531440003322 364.7751106158888 -7.642020222735624 -0.7417956050737218
0 0 479.1982239336858 361.4557219544167 -4.798841183666861 699.9204288857399 293.9502496866722 355.0385589564416 2.9961648572170674 0.08678546482973562 477.40951035131206 362.62749132834523 -7.121929652009939 -2.1476192875436033
0 0 474.917633643735 361.3847441233057 -4.280590289950856 699.929022168889 296.9466722871252 355.1253518869375 2.9964226004530112 0.08679293049588019 470.6998593524403 360.6874642122457 -6.709650998871759 -1.9400271160995648
0 0 471.0771384910168 361.32106364985043 -3.8404951527181903 699.9363195265447 299.94332685649056 355.21215153653293 2.9966545693653606 0.08679964959541027 464.3612596151217 358.93425026147145 -6.338599737318565 -1.753213950774243
0 0 467.6145873522622 361.2636499864787 -3.4625511387545633 699.9425863366282 302.94019019787703 355.29895723331794 2.9968633413864754 0.08680569678498733 458.3566064466904 357.3491500990617 -6.004653168431293 -1.5851001624097345
0 0 464.47969836622883 361.21166939363275 -3.134888986033386 699.948019407154 305.9372414340825 355.3857683725735 2.9970512362054786 0.08681113925560667 452.65250558814387 355.91533580884754 -5.704100858546534 -1.433814290214179
0 0 452.62285558572023 359.3636219704586 -11.856842780508618 698.1519525768258 308.9344617756251 355.47258441005266 2.9972203415425813 0.0868160374791641 447.21890217464664 354.61766361860015 -5.43360341349723 -1.297672190247418
0 0 442.90024450570314 357.8482230834558 -9.722611080017066 698.4846011129972 311.93183431197104 355.55940485593305 2.997372536345974 0.08682044588036579 443.45571358332785 354.43958095327076 -3.7631885913187704 -0.1780826653294083
0 0 434.7176950207608 356.5728633801543 -8.182549484942362 698.7246402966985 314.92934382364007 355.6462292693745 2.997509511669027 0.0868244134414473 439.8275876474374 355.7597779132565 -3.628125935890484 1.3201969599857724
0 0 427.7037235757333 355.47964218331856 -7.013971445027515 698.9067788031643 317.92697661309984 355.7330572536209 2.997632789459775 0.08682798424642067 435.080910503742 357.1836695975064 -4.7466771436953445 1.423891684249909
0 0 421.60848817662406 354.5296182788538 -6.095235399109214 699.0499760955353 320.9247203525713 355.81988845159185 2.9977437394714483 0.0868311979708967 429.34738374803794 358.12758197026426 -5.733526755704098 0.9439123727578246
0 0 416.2549714948423 353.6952011501262 -5.353516681781753 699.1655828712724 323.9225639470532 355.9067225419148 2.9978435944819544 0.08683409032292509 422.8270256839862 358.3447270072947 -6.5203580640517185 0.21714503703043453
0 0 411.5127275923953 352.9560590541892 -4.742243902446988 699.260857904063 326.9204974110446 355.99355923535455 2.9979334639914095 0.08683669343975062 415.7341677920552 357.6738363066866 -7.092857891931035 -0.6708907006080849
0 0 407.2826223598062 352.29674061507717 -4.230105232589095 699.340681560888 329.9185117575945 356.08039827159945 2.9980143465499194 0.08683903624489359 409.05060342919535 357.06787971281193 -6.683564362859852 -0.6059565938746767
0 0 403.48742180548436 351.7052078829089 -3.7952005543218625 699.4084672678317 332.9165988984471 356.16723941636894 2.998087140852578 0.08684114476952226 402.73540027256286 356.52082705078374 -6.315203156632491 -0.5470526620281803
0 0 400.0657078132487 351.1718880233772 -3.421713992235674 699.4666801404683 335.9147515541721 356.2540824588106 2.998152655724971 0.0868430424416881 396.7517201106392 356.0272118142057 -5.983680161923656 -0.49361523657800316
0 0 396.967791543491 350.68903636669955 -3.0979162697577376 699.5171483433223 338.9129631732822 356.34092720915726 2.9982116191101245 0.08684475034663736 391.0664092519657 355.5820793333935 -5.685310858673517 -0.4451324808122254
0 0 385.01043065853946 351.69973942251335 -11.957360884951521 701.0107030558138 341.91122785943895 356.42777349661833 2.998264686156763 0.08684628746109169 385.6496299310821 355.18093937680777 -5.416779320883603 -0.4011399565857394
0 0 375.2053947328792 352.5285159282807 -9.805035925660247 700.8287765057673 344.9095403059377 356.5146211674824 2.998312446498737 0.08684767086410061 380.50363522443706 353.3445772472925 -5.1459947066450304 -1.836362129515306
0 0 366.95347649784355 353.2260142355345 -8.251918235035662 700.6974983072538 347.9078957367442 356.6014700834092 2.998355430806514 0.08684891592680866 374.389722305354 351.46350659291267 -6.113912919083072 -1.88107065437979
0 0 359.88004309255206 353.82390041013514 -7.073433405291491 700.5978861746007 350.9062898534277 356.68832011989247 2.9983941166835133 0.08685003648324591 367.4276371166381 350.11648260826826 -6.962085188715867 -1.3470239846443912
0 0 353.73313445126587 354.3434715268165 -6.146908641286204 700.5195711166814 353.90471878740055 356.7751711648765 2.9984289339728125 0.08685104498403942 359.81541679833845 349.5654920891522 -7.612220318299657 -0.5509905191160607
0 0 348.33423255531557 354.79981692750965 -5.3989018959502975 700.4563454006932 356.9031790569337 356.8620231175112 2.998460269533182 0.08685195263475358 351.7848508749421 349.9962182291166 -8.030565923396326 0.43072613996438985
0 0 343.55178559234866 355.2040561075633 -4.7824469629669 700.4042391800537 359.90166752847125 356.94887588703165 2.9984884715375144 0.08685276952039633 343.6822166436775 351.60213133704406 -8.102634231264588 1.6059131079274453
0 0 339.28581902909633 355.5646394739903 -4.2659665632523325 700.360583366427 362.9001813818127 357.0357293917491 2.9985138533414135 0.0868535047174748 336.08988024802545 353.0429093133831 -7.592336395652059 1.4407779763390407
0 0 335.4584441116018 355.8881506201434 -3.8273749174945095 700.3235111461531 365.8987180787776 357.12258355814396 2.9985366969649228 0.08685416639484544 328.9568178329053 354.3346898424429 -7.133062415120142 1.2917805290597792
0 0 332.0077220426958 356.179824959771 -3.4507220689060225 700.2916743396277 368.8972753350037 357.20943832004843 2.998557256226081 0.08685476190447902 322.2371078624153 355.49202736502014 -6.7197099704899745 1.157337522577207
0 0 328.8835427384251 356.4438980775867 -3.1241793042706645 700.2640731178157 371.8958510945648 357.2962936179116 2.9985757595611235 0.08685529786314923 315.88942084481846 356.5280480531194 -6.347687017596832 1.0360206880992768
0 0 316.9404324224493 355.2768008320955 -11.943110315975765 698.8329027545087 374.8944435071275 357.38314939813756 2.9985924125626617 0.0868557802259524 309.87656009673447 357.45458982479744 -6.012860748083994 0.9265417716780373
0 0 307.1470819633492 354.3197810907927 -9.793350459100127 699.0429802586972 377.89305090739157 357.47000561249 2.998607400264046 0.08685621435247524 305.8984090340411 357.8465534975458 -3.978151062693361 0.3919636727483598
0 0 298.9049982169705 353.5143532765122 -8.242083746378666 699.1945721857195 380.8916717965869 357.5568622175564 2.9986208891952923 0.08685660506634583 302.8187040342476 356.7853304758731 -3.079704999793479 -1.061223021672735
0 0 291.8399948031803 352.8239513790608 -7.065003413790242 699.3095981025486 383.8903048258203 357.64371917426524 2.998633029233414 0.08685695670882934 298.89602084978304 354.86829570181845 -3.9226831844645855 -1.917034774054623
0 0 285.7004119377424 352.2239828565284 -6.139582865437912 699.4000314774676 386.888948781088 357.73057644745234 2.998643955267723 0.08685727318706447 293.9248583646073 352.7255362102763 -4.971162485175751 -2.142759491542173
0 0 280.3079443565712 351.69702347209005 -5.392467581171159 699.4730406155617 389.8876025697866 357.8174340054698 2.9986537886986016 0.08685755801747606 287.9535935885179 350.7057474370229 -5.971264776089415 -2.0197887732533886
0 0 275.5311970284129 351.23023312170335 -4.77674732815832 699.5332096496134 392.88626520857304 357.90429181983467 2.998662638786392 0.0868578143648465 281.09190583038134 349.0808017551858 -6.861687758136554 -1.6249456818371437
0 0 271.2703145678604 350.81385379910586 -4.260882460552516 699.5836206774026 395.8849358124384 357.99114986491213 2.9986706038654036 0.08685804507747989 274.616389838381 347.6170111697713 -6.4755159920003305 -1.463790585414513
0 0 267.4475010473817 350.440283178745 -3.822813520478681 699.6264293796391 398.8836135848749 358.078008117631 2.998677772436514 0.08685825271884995 268.4884267957138 346.2986995995547 -6.127963042667226 -1.3183115702165797
0 0 264.0008914873589 350.1034757293149 -3.4466095600228157 699.6631925505699 401.88229780902543 358.16486655722707 2.998684224150513 0.08685843959608298 262.67326046382914 345.11172531457515 -5.815166331884662 -1.186974284979568
0 0 260.8804355241412 349.7985404601098 -3.1204559632176956 699.6950647307949 404.88098783971856 358.25172516501266 2.9986900306931124 0.08685860778559272 257.1396107881769 344.0433308724436 -5.53364967565222 -1.06839444213155
0 0 248.9122016426455 350.67111008931903 -11.968233881495701 700.8725696292092 407.8796830963 358.3385839241688 2.9986952565814518 0.08685875915615149 251.85932616954062 343.0820075432735 -5.280284618636303 -0.9613233291701238
0 0 239.09824985981902 351.3866171852706 -9.813951782826473 700.7155070959516 410.878383056181 358.42544281955844 2.998699959880957 0.08685889538965438 246.56407176389186 343.61508436890483 -5.295254405648775 0.5330768256313395
0 0 230.83882803939227 351.98878795722345 -8.259421820426759 700.6021707719528 412.07847069770685 358.44220368372794 1.200087641525828 0.01676086416949616 240.75917205087327 345.1765762845155 -5.804899713018573 1.5614919156106384
0 0 223.75896266155172 352.50496064976625 -7.079865377840552 700.5161726925428 411.6594995703107 358.4039116575225 -0.41897112739618425 -0.03829202620548012 234.29823264349093 347.43103289134456 -6.460939407382332 2.254456606829075
0 0 217.60646454972456 352.95352165294383 -6.1524981118271675 700.4485610031776 409.78316419751985 358.32238101047653 -1.876335372790844 -0.08153064704597258 227.13185782863664 350.1107115106746 -7.166374814854288 2.679678619330061
0 0 212.20265335629452 353.34749803877116 -5.403811193430055 700.3939763858274 406.5950473806811 358.207114124343 -3.1881168168387464 -0.11526688613354014 219.24476754135753 352.9513936958911 -7.887090287279117 2.8406821852165063
0 0 207.4158576469946 353.6964895941269 -4.786795709299923 700.3489915553557 402.2262107385708 358.06588713384104 -4.368836642110275 -0.14122699050195292 210.64875353927573 355.592246403703 -8.596014002081816 2.6408527078118507
0 0 203.1460119803058 354.00779180354675 -4.269845666688795 700.3113022094199 396.7946349127426 357.9051478313221 -5.431575825828189 -0.16073930251895532 202.9123409374021 357.9690138407336 -7.736412601873634 2.3767674370306655
0 0 199.31515677693116 354.28708847651126 -3.8308552033746137 700.2792966729645 390.4065203666285 357.73029969639293 -6.388114546114082 -0.17484813492918838 195.94956959571581 360.1081045340612 -6.96277134168627 2.139090693327599
0 0 195.8612969178814 354.5388994994569 -3.45385985904978 700.2518110229456 383.1574607200575 357.54591276436275 -7.24905964657102 -0.18438693203015424 189.68307538819818 362.03328615805606 -6.266494207517644 1.925181623994839
0 0 192.73427675339872 354.7668815770524 -3.1270201644826785 700.2279820775955 375.13350031962216 357.35588534203373 -8.023960400435303 -0.1900274223290081 184.0432306014323 363.7659496196514 -5.639844786765879 1.7326634615953551
0 0 180.75466690717653 354.0676334577869 -11.979609846222187 699.3007518807344 366.41208704203507 357.1635715664163 -8.721413277587063 -0.19231377561745933 178.967370293343 365.32534673508724 -5.0758603080892915 1.5593971154358197
0 0 170.93138683327433 353.49424999998917 -9.823280073902193 699.4266165422023 357.06302360399746 356.9654793323951 -9.349063438037627 -0.1980922340211831 174.6342932848542 365.2473581410595 -4.333077008488804 -0.07798859402769676
0 0 162.66411432307825 353.01169048190656 -8.267272510196085 699.5174404819174 347.14912728972564 356.7592271980855 -9.913896314271797 -0.20625213430956307 170.28377910441804 363.74649406905104 -4.350514180436176 -1.5008640720084878
0 0 155.5775194394807 352.5980469486061 -7.086594883597547 699.5863564666995 337.15127603207003 356.5519345793204 -9.997851257655594 -0.20729261876511523 165.50008845086074 361.1725319009882 -4.783690653557297 -2.5739621680628226
0 0 149.41917329675834 352.23858516200687 -6.158346142722364 699.6405382134008 327.1534557263055 356.34315447097055 -9.997820305764524 -0.20878010834982938 160.0598149387524 357.87520903264146 -5.440273512108357 -3.2973228683467424
0 0 144.01022570925932 351.922865662264 -5.408947587499033 699.684280500257 317.1557018403124 356.1312176051096 -9.997753885993045 -0.2119368658609129 153.83805914648315 354.20546161883277 -6.221755792269242 -3.6697474138086745
0 0 139.21888008727544 351.6431955012211 -4.791345621983873 699.7203298389571 307.15804295425784 355.91484570745706 -9.997658886054586 -0.21637189765257694 146.77737029846165 350.56333432835874 -7.060688848021487 -3.642127290474052
0 0 134.944975875761 351.39372832155624 -4.273904211514435 699.7505328203351 297.16050272573955 355.69305891984567 -9.997540228518263 -0.2217867876113939 140.4227503352423 347.2854197669321 -6.3546199632193385 -3.2779145614266465
0 0 131.110479393807 351.16990930843684 -3.8344964819540084 699.7761809868806 287.1631011810196 355.4651063948949 -9.997401544719937 -0.2279525249507305 134.7035923683449 344.3352966616481 -5.719157966897405 -2.950123105283982
0 0 127.65333659524285 350.9681163760326 -3.4571427985641505 699.7982070675957 277.1658556089413 355.2304130384483 -9.997245572078333 -0.23469335644658754 129.55635019813724 341.68018586689254 -5.147242170207664 -2.655110794755584
0 0 124.52334415670182 350.785419163514 -3.1299924385410236 699.8173027874814 267.16878121811163 354.98853781396724 -9.997074390829662 -0.24187522448106785 124.92383224495035 339.2905861516125 -4.632517953186898 -2.389599715280026
0 0 112.58146423126583 351.96503937632355 -11.941879925435995 701.1796202128095 257.1718916537615 354.7391404639658 -9.996889564350116 -0.24939735000147129 120.75456608708214 337.13994640786046 -4.169266157868209 -2.1506397437520235
0 0 102.78912269240831 352.93232795082736 -9.792341538857515 700.9672885745039 247.1748002992062 354.49796739607575 -9.997091354555309 -0.24117306789004608 116.27803578954838 336.51797170034274 -4.476530297533753 -0.6219747075177298
0 0 94.54788805330583 353.7463980151298 -8.241234639102483 700.8140700643024 237.1772695106688 354.27575548764855 -9.997530788537395 -0.22221190842719843 111.29680945359917 337.11708671584097 -4.981226335949219 0.599115015498221
0 0 87.48361248286072 354.44420793314816 -7.0642755704451 700.6978099180184 227.179186056489 354.07998203884574 -9.998083454179799 -0.19577344880279707 105.74925156349654 338.71314276547497 -5.547557890102625 1.5960560496339826
0 0 81.34466212306631 355.05061412505967 -6.138950359794414 700.6064061919114 217.18053235920792 353.9158959582421 -9.998653697281057 -0.16408608060362706 99.61986765594963 341.128460819803 -6.129383907546902 2.415318054328057
0 0 75.95275007901424 355.5832277899574 -5.39191204405207 700.5326136648977 207.1813607936094 353.7871792082593 -9.999171565598514 -0.12871674998280222 92.91021750396979 344.21123700184756 -6.709650151979847 3.0827761820445376
0 0 71.1764948558912 356.0550268063528 -4.776255223123036 700.4717990163954 197.18177287412047 353.6963968288517 -9.999587919488937 -0.09078237940764228 85.62573380062614 347.82119108907153 -7.284483703343646 3.6099540872239464
0 0 66.91605135548657 356.47587388403156 -4.260443500404628 700.4208470776788 187.18190333253108 353.64531697771065 -9.9998695415894 -0.051079851141036456 79.06969846761686 351.07014976757307 -6.556035333009282 3.248958678501552
0 0 63.093631664878544 356.8534529215898 -3.822419690608031 700.3775790375582 177.18190850390764 353.6351470463287 -9.999994828623448 -0.010169931381918726 73.1692666679085 353.99421257822445 -5.900431799708354 2.924062810651397
0 0 59.64737717783795 357.1938743189562 -3.446254487040591 700.3404213973664 167.1819583277555 353.66671403026544 -9.999950176152137 0.03156698393673118 67.85887804817098 356.62586910781073 -5.310388619737519 2.631656529586257
0 0 56.52724268694994 357.50208154722486 -3.120134490888015 700.3082072282687 157.18223134535324 353.7406077202272 -9.999726982402262 0.07389368996180024 63.07952829040721 358.99435998443835 -4.779349757763767 2.3684908766276314
0 0 44.6710080133152 355.6501367954298 -11.856234673634736 698.1480552482049 147.1829122231162 353.85730001502395 -9.999319122237026 0.11669229479673428 58.77811350841982 361.12600177340323 -4.301414781987391 2.1316417889648682
0 0 34.94889558093472 354.1315420989578 -9.722112432380483 698.481405303528 137.18369353834527 353.98230279150465 -9.99921868477093 0.12500277648070113 53.50849087819037 362.5016910626295 -5.269622630229449 1.3756892892262997
0 0 26.766765757843302 352.853492802407 -8.182129823091413 698.7219507034492 127.18429013147113 354.09153422742827 -9.999403406874135 0.10923143592361365 47.39845411407985 363.12314150377887 -6.110036764110524 0.6214504411493629
0 0 19.753154041314165 351.75796612238616 -7.013611716529137 698.9044733199792 117.18457907269891 354.1675522586346 -9.999711058772224 0.07601803120634369 40.55657971809526 363.01403294168085 -6.841874395984592 -0.10910856209801578
0 0 13.658231251102002 350.8059387220657 -6.094922790212162 699.0479725996795 107.18462359670696 354.19739313963 -9.999955475991952 0.02984088099537824 33.07962416117056 362.20202128269773 -7.476955556924704 -0.8120116589831374
0 0 8.304989137378028 349.9697618994489 -5.353242113723974 699.1638231773832 97.18465790149617 354.171199731922 -9.99996569521079 -0.02619340770800262 25.056640730137303 360.7120799134236 -8.022983431033252 -1.4899413692740937
0 0 3.562988452385137 349.2290610341809 -4.742000684992891 699.259299134732 87.18506216516043 354.0812824929948 -9.99959573633573 -0.0899172389272198 16.573276669980324 358.5614155618954 -8.483364060156978 -2.1506643515282162
0 1 600.0 350.0 0.0 700.0 120.29987422895765 350.0086860121491 0.2998742289576504 0.008686012149118157 1078.5 350.0 -1.5 -0.0
0 1 600.0 350.0 0.0 700.0 120.86963526397719 350.02518943523245 0.5697610350195358 0.016503423083324507 1075.65 350.0 -2.85 -0.0
0 1 600.0 350.0 0.0 700.0 121.68229442445242 350.0487285281566 0.8126591604752327 0.02353909292411021 1071.585 350.0 -4.0649999999999995 -0.0
0 1 600.0 350.0 0.0 700.0 122.71356189783778 350.0785997239374 1.03126747338536 0.029871195780817338 1066.4265 350.0 -5.1585 -0.0
0 1 600.0 350.0 0.0 700.0 123.94157685284225 350.1141698122892 1.2280149550044746 0.03557008835185376 1060.28385 350.0 -6.142650000000001 -0.0
0 1 600.0 350.0 0.0 700.0 125.34666454130392 350.154868903955 1.4050876884616774 0.040699091665786544 1053.255465 350.0 -7.028385000000001 -0.0
0 1 600.0 350.0 0.0 700.0 126.91111768987709 350.2001840986033 1.56445314857316 0.04531519464832606 1045.4299185 350.0 -7.825546500000001 -0.0
0 1 600.0 350.0 0.0 700.0 128.6189997525506 350.2496537859359 1.7078820626734945 0.04946968733261163 1036.88692665 350.0 -8.54299185 -0.0
0 1 600.0 350.0 0.0 700.0 130.4559678379144 350.30286251668434 1.8369680853637957 0.05320873074846866 1027.6982339850001 350.0 -9.188692665000001 -0.0
0 1 600.0 350.0 0.0 700.0 132.40911334369946 350.35943638650707 1.9531455057850666 0.05657386982273999 1017.9284105865001 350.0 -9.769823398500002 -0.0
0 1 600.0 350.0 0.0 700.0 134.46681852786367 350.41903888149665 2.0577051841642104 0.0596024949895842 1007.9284105865001 350.0 -10.0 -0.0
0 1 600.0 350.0 0.0 700.0 136.61862742256912 350.4813671391364 2.15180889470544 0.062328257639743985 997.9284105865001 350.0 -10.0 -0.0
0 1 600.0 350.0 0.0 700.0 138.85512965676168 350.5461485831613 2.2365022341925465 0.06478144402488778 987.9284105865001 350.0 -10.0 -0.0
0 1 600.0 350.0 0.0 700.0 141.16785589649263 350.61313789493283 2.3127262397309423 0.0669893117715172 977.9284105865001 350.0 -10.0 -0.0
0 1 600.0 350.0 0.0 700.0 143.5491837412081 350.6821142876763 2.3813278447154986 0.06897639274348366 967.9284105865001 350.0 -10.0 -0.0
0 1 600.0 350.0 0.0 700.0 145.9922530304097 350.7528790532946 2.4430692892015995 0.07076476561825348 957.9284105865001 350.0 -10.0 -0.0
0 1 600.0 350.0 0.0 700.0 148.49088961964878 350.82525335450015 2.4986365892390903 0.07237430120554632 947.9284105865001 350.0 -10.0 -0.0
0 1 600.0 350.0 0.0 700.0 151.03953677892162 350.8990762377343 2.5486471592728317 0.07382288323410986 937.9284105865001 350.0 -10.0 -0.0
0 1 600.0 350.0 0.0 700.0 153.63319345122483 350.9742028447941 2.593656672303199 0.07512660705981704 927.9284105865001 350.0 -10.0 -0.0
0 1 600.0 350.0 0.0 700.0 156.26735868525535 351.05050280329704 2.63416523403053 0.07629995850295349 917.9284105865001 350.0 -10.0 -0.0
0 1 600.0 350.0 0.0 700.0 158.93798162484046 351.1278587780988 2.6706229395851278 0.0773559748017763 907.9284105865001 350.0 -10.0 -0.0
0 1 600.0 350.0 0.0 700.0 161.64141649942474 351.2061651675695 2.7034348745842656 0.07830638947071684 897.9284105865001 350.0 -10.0 -0.0
0 1 600.0 350.0 0.0 700.0 164.3743821155082 351.28532693024226 2.7329656160834896 0.07916176267276334 887.9284105865001 350.0 -10.0 -0.0
0 1 600.0 350.0 0.0 700.0 167.13392539894102 351.36525852879686 2.7595432834327913 0.07993159855460519 877.9284105865001 350.0 -10.0 -0.0
0 1 600.0 350.0 0.0 700.0 169.91738858298817 351.44588297964515 2.7834631840471626 0.08062445084826285 867.9284105865001 350.0 -10.0 -0.0
0 1 600.0 350.0 0.0 700.0 172.72237967758826 351.5271309975577 2.804991094600097 0.08124801791255473 857.9284105865001 350.0 -10.0 -0.0
0 1 600.0 350.0 0.0 700.0 175.54674589168602 351.6089402258281 2.8243662140977377 0.08180922827041742 847.9284105865001 350.0 -10.0 -0.0
0 1 600.0 350.0 0.0 700.0 178.38854971333163 351.6912545434206 2.8418038216456147 0.08231431759249386 837.9284105865001 350.0 -10.0 -0.0
0 1 600.0 350.0 0.0 700.0 181.24604738177032 351.77402344140296 2.857497668438704 0.08276889798236266 827.9284105865001 350.0 -10.0 -0.0
0 1 600.0 350.0 0.0 700.0 184.1176695123228 351.8572014617362 2.8716221305524843 0.08317802033324458 817.9284105865001 350.0 -10.0 -0.0
0 1 600.0 350.0 0.0 700.0 187.00200365877768 351.94074769218525 2.8843341464548864 0.08354623044903829 807.9284105865001 350.0 -10.0 -0.0
0 1 600.0 350.0 0.0 700.0 189.89777861954474 352.02462531173853 2.8957749607670484 0.08387761955325264 797.9284105865001 350.0 -10.0 -0.0
0 1 600.0 350.0 0.0 700.0 192.80385031319273 352.1088011814856 2.9060716936479944 0.08417586974704554 787.9284105865001 350.0 -10.0 -0.0
0 1 600.0 350.0 0.0 700.0 195.71918906643356 352.19324547640707 2.9153387532408455 0.08444429492145912 777.9284105865001 350.0 -10.0 -0.0
0 1 600.0 350.0 0.0 700.0 198.64286817330796 352.2779313539855 2.9236791068744115 0.08468587757843135 767.9284105865001 350.0 -10.0 -0.0
0 1 600.0 350.0 0.0 700.0 201.5740535984526 352.36283465595517 2.931185425144621 0.08490330196970637 757.9284105865001 350.0 -10.0 -0.0
0 1 600.0 350.0 0.0 700.0 204.5119947100404 352.447933639877 2.9379411115878096 0.08509898392185389 747.9284105865001 350.0 -10.0 -0.0
0 1 600.0 350.0 0.0 700.0 207.4560159394271 352.5332087375558 2.944021229386679 0.08527509767878667 737.9284105865001 350.0 -10.0 -0.0
0 1 600.0 350.0 0.0 700.0 210.40550927483275 352.6186423376158 2.949493335405662 0.08543360006002618 727.9284105865001 350.0 -10.0 -0.0
0 1 600.0 350.0 0.0 700.0 213.3599275056555 352.704218589819 2.9544182308227462 0.08557625220314173 717.9284105865001 350.0 -10.0 -0.0
0 1 600.0 350.0 0.0 700.0 216.3187781423536 352.78992322895095 2.958850636698122 0.08570463913194572 707.9284105865001 350.0 -10.0 -0.0
0 1 600.0 350.0 0.0 700.0 219.28161794433956 352.8757434163188 2.9628398019859605 0.08582018736786928 697.9284105865001 350.0 -10.0 -0.0
0 1 600.0 350.0 0.0 700.0 222.24804799508456 352.961667597099 2.966430050745015 0.08592418078020052 687.9284105865001 350.0 -10.0 -0.0
0 1 600.0 350.0 0.0 700.0 225.2177092697127 353.0476853719503 2.9696612746281645 0.08601777485129863 677.9284105865001 350.0 -10.0 -0.0
0 1 600.0 350.0 0.0 700.0 228.19027864583572 353.1337873814656 2.9725693761229985 0.08610200951528693 667.9284105865001 350.0 -10.0 -0.0
0 1 600.0 350.0 0.0 700.0 231.16546531330405 353.21996520217846 2.9751866674683494 0.0861778207128764 657.9284105865001 350.0 -10.0 -0.0
0 1 600.0 350.0 0.0 700.0 234.1430075429832 353.30621125296915 2.977542229679165 0.08624605079070692 647.9284105865001 350.0 -10.0 -0.0
0 1 600.0 350.0 0.0 700.0 237.12266977865212 353.3925187108299 2.9796622356688993 0.0863074578607544 637.9284105865001 350.0 -10.0 -0.0
0 1 600.0 350.0 0.0 700.0 240.1042400197118 353.4788814350537 2.98157024105966 0.08636272422379714 627.9284105865001 350.0 -10.0 -0.0
0 1 588.0000430885087 350.03215777283884 -11.999956911491225 700.0321577728388 243.08752746562314 353.56529389900425 2.9832874459113445 0.08641246395053558 618.6284105865002 350.0 -9.3 -0.0
0 1 578.1600784210859 350.0585271465667 -9.839964667422803 700.0263693737278 246.072360395901 353.65175112870884 2.984832930277861 0.0864572297046002 608.758411413271 350.0015749005452 -9.869999173229198 0.0015749005451994981
0 1 569.8787641569829 350.080719611496 -8.281314264103031 700.0221924649294 249.05858426210872 353.7382486475921 2.9862238662077254 0.08649751888325835 598.7584122350431 350.0056289653881 -9.99999917822788 0.004054064842887049
0 1 562.7801328706576 350.0997426941667 -7.098631286325409 700.0190230826707 252.04605997065332 353.8247824267362 2.9874757085446033 0.08653377914405068 588.7584148193913 350.01281832954396 -9.999997415651817 0.007189364155864372
0 1 556.6113269322888 350.11627400853024 -6.168805938368782 700.0165313143635 255.0346623373011 353.91134884011495 2.9886023666477937 0.08656641337876375 578.7584208061407 350.02376067636067 -9.999994013250515 0.010942346816680517
0 1 551.1931923836939 350.13079365566807 -5.418134548594795 700.0145196471378 258.02427869624177 353.997944624305 2.989616358940665 0.08659578419000552 568.7584325820106 350.0391072479265 -9.999988224130124 0.015346571565813122
0 1 546.3937087819804 350.14365542713495 -4.79948360171347 700.0128617714669 261.014807648246 354.0845668422251 2.990528952004249 0.0866222179201231 558.7584538225456 350.05971817333767 -9.999978759465126 0.02061092541119206
0 1 542.1125454519253 350.1551281914848 -4.281163330055155 700.0114727643498 264.0061579340075 354.17121285050234 2.9913502857614747 0.0866460082772289 549.4584729493956 350.07818913153193 -9.299980873149922 0.01847095819425158
0 1 538.2715361743799 350.1654214204297 -3.841009277545329 700.0102932289449 266.99824742015045 354.25788027010094 2.992089486142978 0.08666741959862415 540.7884901758434 350.09472714742355 -8.669982773552231 0.016538015891599873
0 1 534.808521505941 350.17470169033953 -3.4630146684388574 700.0092802699098 269.99100218663676 354.3445669598888 2.9927547664863305 0.08668668978787987 532.6855056938132 350.10951916583514 -8.102984482030203 0.01479201841161102
0 1 531.673212854163 350.18310376579257 -3.135308651778024 700.008402075453 272.9843557054321 354.43127099284703 2.993353518795348 0.08670403295821003 525.0928196759922 350.12273398377204 -7.592686017820963 0.0132148179369241
0 1 519.9457184369015 347.6402953394457 -11.72749441726149 697.4571915736532 275.97824810130555 354.51799063465853 2.993892395873464 0.08671964181150717 517.9594022777442 350.13452400245416 -7.133417398248037 0.011790018682144424
0 1 510.3291730147471 345.55519242984127 -9.61654542215442 697.9148970903956 278.9726254865493 354.604724324438 2.994377385243768 0.0867336897794746 512.4737660528764 348.9717540304087 -5.485636224867788 -1.162769972045434
0 1 502.23588838746196 343.8003698211182 -8.093284627285158 698.2451773912769 281.96743936222634 354.69147065738866 2.9948138756770417 0.08674633295064528 506.7392252367859 346.65481056533883 -5.734540816090506 -2.3169434650698433
0 1 495.2984335786985 342.2961594657366 -6.937454808763446 698.4957896446184 284.96264607929334 354.77822836919336 2.995206717066988 0.08675771180469888 500.31120594742373 343.7665160549186 -6.42801928936219 -2.8882945104202413
0 1 489.26969216429296 340.98898046198855 -6.0287414144055615 698.692820996252 287.9582063536113 354.8649963219667 2.9955602743179397 0.08676795277334713 493.08663072201693 340.7448556183536 -7.224575225406776 -3.021660436565012
0 1 483.97457792852686 339.84086982401993 -5.295114235766105 698.8518893620314 290.9540848294551 354.95177349161185 2.995878475843796 0.08677716964513055 485.08757163517276 338.12110302892654 -7.999059086844149 -2.623752589427074
0 1 479.2840679908676 338.82385222682643 -4.690509937659282 698.9829824028064 293.9502496866722 355.0385589564416 2.9961648572170674 0.08678546482973562 477.07343654513784 337.01901299025303 -8.014135090034902 -1.1020900386735202
0 1 475.1001097131068 337.91666745353723 -4.183958277760785 699.0928152267107 296.9466722871252 355.1253518869375 2.9964226004530112 0.08679293049588019 469.56079649317456 336.03412558067856 -7.512640051963295 -0.9848874095744969
0 1 471.3463116627216 337.102751967952 -3.7537980503852233 699.1860845144147 299.94332685649056 355.21215153653293 2.9966545693653606 0.08679964959541027 462.4995174267747 335.1553544159156 -7.061279066399906 -0.8787711647629618
0 1 467.96192574445877 336.3689340930697 -3.3843859182628075 699.2661821251178 302.94019019787703 355.29895723331794 2.9968633413864754 0.08680569678498733 455.8444785105534 334.3726660683657 -6.655038916221262 -0.7826883475499555
0 1 464.8978051829168 335.7045576025754 -3.064120561542011 699.3356235095057 305.9372414340825 355.3857683725735 2.9970512362054786 0.08681113925560667 449.5550706761387 333.67698142439104 -6.289407834414717 -0.6956846439746178
0 1 452.9493584437876 336.81569239286574 -11.948446739129169 701.1111347902903 308.9344617756251 355.47258441005266 2.9972203415425813 0.0868160374791641 443.59474535576305 333.0600857801011 -5.96032532037567 -0.6168956442899498
0 1 443.1516321177017 337.7268229209038 -9.797726326085918 700.911130528038 311.93183431197104 355.55940485593305 2.997372536345974 0.08682044588036579 439.62246036295346 333.06373057228734 -3.972284992809617 0.0036447921862525767
0 1 434.9058656416678 338.4936303733007 -8.245766476033907 700.7668074523968 314.92934382364007 355.6462292693745 2.997509511669027 0.0868244134414473 436.9526241598658 334.26307786739847 -2.669836203087648 1.1993472951111432
0 1 427.837705441513 339.15092741560306 -7.0681602001548285 700.6572970423024 317.92697661309984 355.7330572536209 2.997632789459775 0.08682798424642067 433.8965033799782 336.69276472463196 -3.0561207798876313 2.429686857233505
0 1 421.6953792863215 339.7221273743385 -6.142326155191465 700.5711999587355 320.9247203525713 355.81988845159185 2.9977437394714483 0.0868311979708967 429.75603705274773 339.44341356544686 -4.140466327230479 2.750648840814911
0 1 416.3005022416109 340.223818992052 -5.394877044710623 700.5016916177134 323.9225639470532 355.9067225419148 2.9978435944819544 0.08683409032292509 424.5305132345683 341.9708321282808 -5.225523818179434 2.5274185628339434
0 1 411.5216205661707 340.6682266882317 -4.7788816754401875 700.4444076961797 326.9204974110446 355.99355923535455 2.9979334639914095 0.08683669343975062 418.3602359806171 343.9340387115973 -6.170277253951183 1.9632065833164827
0 1 407.2588342571889 341.0646405715502 -4.262786308981849 700.3964138833186 329.9185117575945 356.08039827159945 2.9980143465499194 0.08683903624489359 412.5070635542761 345.70772576768496 -5.853172426341015 1.7736870560877087
0 1 403.4343126263401 341.4202984351232 -3.82452163084877 700.355657863573 332.9165988984471 356.16723941636894 2.998087140852578 0.08684114476952226 406.9392805506769 347.3106246086233 -5.567783003599157 1.60289884093832
0 1 399.9861630514828 341.7409559262933 -3.448149574857331 700.3206574911701 335.9147515541721 356.2540824588106 2.998152655724971 0.0868430424416881 401.6283436650778 348.7596121221096 -5.310936885599133 1.4489875134863308
0 1 396.86431280545173 342.03126951216564 -3.1218502460310273 700.2903135858724 338.9129631732822 356.34092720915726 2.9982116191101245 0.08684475034663736 396.5485644005914 350.06989406148483 -5.079779264486441 1.3102819393752365
0 1 385.1325065422321 344.5541095392543 -11.73180626321963 702.5228400270887 341.91122785943895 356.42777349661833 2.998264686156763 0.08684628746109169 391.6768235206046 351.2551703624795 -4.871740879986776 1.1852763009946485
0 1 375.51242540639197 346.62283836146696 -9.620081135840095 702.0687288222127 344.9095403059377 356.5146211674824 2.998312446498737 0.08684767086410061 386.24422163355354 351.2487823041941 -5.4326018870510655 -0.00638805828538036
0 1 367.41616512246895 348.3638805382412 -8.096260283923023 701.7410421767742 347.9078957367442 356.6014700834092 2.998355430806514 0.08684891592680866 379.9774017237847 350.6492706606621 -6.266819909768836 -0.5995116435319496
0 1 360.47615962082835 349.85627849256514 -6.940005501640599 701.492397954324 350.9062898534277 356.68832011989247 2.9983941166835133 0.08685003648324591 372.8614905645109 349.8412081467094 -7.115911159273785 -0.8080625139527083
0 1 354.445201620051 351.1531923611271 -6.0309580007773365 701.296913868562 353.90471878740055 356.7751711648765 2.9984289339728125 0.08685104498403942 364.95717163159657 349.11577706768173 -7.904318932914356 -0.7254310790276783
0 1 349.14814053049815 352.2922870105635 -5.297061089552858 701.1390946494364 356.9031790569337 356.8620231175112 2.998460269533182 0.08685195263475358 356.3706891003426 348.7483054906687 -8.586482531253992 -0.3674715770130047
0 1 344.4559060338157 353.30131807868037 -4.692234496682438 701.0090310681169 359.90166752847125 356.94887588703165 2.9984884715375144 0.08685276952039633 347.2962329707967 349.0783454690704 -9.07445612954584 0.3300399784017196
0 1 340.2704094407979 354.20137882816726 -4.185496593017828 700.9000607494869 362.9001813818127 357.0357293917491 2.9985138533414135 0.0868535047174748 338.8292362316544 349.3725063358002 -8.466996739142317 0.29416086672980624
0 1 336.5152312320962 355.00890272356816 -3.7551782087016816 700.8075238954009 365.8987180787776 357.12258355814396 2.9985366969649228 0.08685416639484544 330.90896203172736 349.63354724520684 -7.920274199927061 0.26104090940662783
0 1 333.12960097721526 355.7369580061306 -3.385630254880947 700.7280552825624 368.8972753350037 357.20943832004843 2.998557256226081 0.08685476190447902 323.48074847907714 349.86401917101597 -7.428213552650206 0.23047192580914475
0 1 330.0643538309665 356.3961172199781 -3.065247146248722 700.6591592138475 371.8958510945648 357.2962936179116 2.9985757595611235 0.08685529786314923 316.49540075829026 350.06627825028727 -6.985347720786901 0.20225907927128797
0 1 318.06825733067046 356.702170737495 -11.996096500296066 700.306053517517 374.8944435071275 357.38314939813756 2.9985924125626617 0.0868557802259524 309.9086441220479 350.242498994562 -6.586756636242326 0.1762207442747302
0 1 308.2314582004277 356.95313462185885 -9.836799130242774 700.2509638843638 377.89305090739157 357.47000561249 2.998607400264046 0.08685621435247524 305.1566334325959 351.3321501275142 -4.752010689452014 1.0896511329521346
0 1 299.9528080524154 357.1643458269395 -8.278650148012318 700.2112112050806 380.8916717965869 357.5568622175564 2.9986208891952923 0.08685660506634583 301.59969530334405 353.6288091849186 -3.556938129251865 2.2966590574044186
0 1 292.8564604105972 357.345393233256 -7.09634764181817 700.1810474063166 383.8903048258203 357.64371917426524 2.998633029233414 0.08685695670882934 297.7650798038249 357.05552324335036 -3.8346154995191304 3.426714058431756
0 1 286.6896389899797 357.5027258612181 -6.166821420617521 700.1573326279621 386.888948781088 357.73057644745234 2.998643955267723 0.08685727318706447 292.81653449928046 360.2279917408009 -4.948545304544414 3.172468497450555
0 1 281.27324746658263 357.6409129521559 -5.4163915233970785 700.1381870909378 389.8876025697866 357.8174340054698 2.9986537886986016 0.08685755801747606 286.9923092072483 362.47359454436776 -5.824225292032163 2.2456028035668294
0 1 276.47530786876547 357.76332162823724 -4.79793959781715 700.1224086760814 392.88626520857304 357.90429181983467 2.998662638786392 0.0868578143648465 280.60478274418443 363.5264856317374 -6.38752646306384 1.0528910873696247
0 1 272.195521797893 357.8725107783227 -4.2797860708725155 700.1091891500854 395.8849358124384 357.99114986491213 2.9986706038654036 0.08685804507747989 274.5561271272945 364.4656670433298 -6.048655616889976 0.9391814115924093
0 1 268.35574818105255 357.9704739967641 -3.8397736168404535 700.0979632184414 398.8836135848749 358.078008117631 2.998677772436514 0.08685825271884995 268.81246246803335 365.3022572612564 -5.743664659261105 0.8365902179265902
0 1 264.8938475716635 358.05879663227904 -3.461900609389009 700.0883226355149 401.88229780902543 358.16486655722707 2.998684224150513 0.08685843959608298 263.34329651095044 366.04628204033156 -5.469165957082909 0.7440247790751543
0 1 261.7595475552255 358.138761272857 -3.134300016438009 700.0799646405779 404.88098783971856 358.25172516501266 2.9986900306931124 0.08685860778559272 258.1211858847449 366.70678174022584 -5.22211062620555 0.6604996998942488
0 1 249.97061671622828 360.3795445451394 -11.788930838997192 702.2407832722824 407.8796830963 358.3385839241688 2.9986952565814518 0.08685875915615149 253.12143122772662 367.29190822272784 -4.999754657018251 0.5851264825020196
0 1 240.30369342825057 362.21698682841105 -9.666923287977697 701.8374422832716 410.878383056181 358.42544281955844 2.998699959880957 0.08685889538965438 247.9995028100073 366.45362999528163 -5.12192841771931 -0.83827822744621
0 1 232.16801078908853 363.7633782540125 -8.13568263916203 701.5463914256014 413.87708724903155 358.51230183755825 2.998704192850512 0.08685901799980703 242.075728126656 364.97578396976587 -5.92377468335129 -1.4778460255157682
0 1 225.1942129743735 365.08892420053724 -6.973797814715022 701.3255459465248 415.07654696271806 358.6338042574927 1.1994597136865157 0.121502419934465 235.25543711678077 363.4635268618085 -6.820291009875239 -1.5122571079573706
0 1 219.13388899962789 366.2408414331247 -6.060323974745627 701.1519172325875 414.6569267182962 358.79412004796075 -0.4196202444218802 0.16031579046799296 227.63637417521443 362.34171983969657 -7.619062941566335 -1.121807022111904
0 1 213.81103543099556 367.2525838379529 -5.322853568632336 701.0117424048282 412.780355232779 358.99549210743925 -1.8765714855171574 0.20137205947848683 219.4157508654072 361.95736039124404 -8.220623309807214 -0.3843594484525381
0 1 209.09595348021628 368.148803936878 -4.715081950779273 700.8962200989251 409.5927308751079 359.2389224096488 -3.187624357671125 0.24343030220953502 210.92685284951642 362.64156559105487 -8.488898015890785 0.6842051998108192
0 1 204.89007684409765 368.9482367387333 -4.205876636118625 700.7994328018553 405.2253478833723 359.52460249859803 -4.367382991735614 0.2856800889492219 203.28684463521472 363.2573502708846 -7.640008214301706 0.6157846798297373
0 1 201.11661390094602 369.66547842562335 -3.773462943151635 700.71724168689 399.7963599648416 359.85219562003095 -5.428987918530718 0.3275931214329044 196.41083724234318 363.81155648273136 -6.876007392871536 0.5542062118467636
0 1 197.71449831655053 370.31213619264213 -3.4021155843954762 700.6466577670188 393.41209720895915 360.2210279208957 -6.3842627558824185 0.36883230086478935 190.22243058875878 364.31034207339343 -6.188406653584383 0.4987855906620872
0 1 194.63432585198728 370.89760055990325 -3.0801724645632453 700.5854643672611 386.16825095737124 360.6302215714738 -7.2438462515879305 0.409193650578036 184.65286460053284 364.7592491049893 -5.5695659882259445 0.4489070315958785
0 1 182.63465385477662 370.986324622918 -11.999671997210681 700.0887240630148 378.1509399043317 361.0787896625021 -8.017311053039514 0.4485680910283105 179.6402552111295 365.1632654334256 -5.01260938940335 0.4040163284362907
0 1 172.79492281706385 371.0590783545901 -9.839731037712758 700.072753731672 369.437282123969 361.55841410133166 -8.713657780362713 0.4796244388295323 175.8148712567717 366.8608414140948 -3.8253839543577985 1.6975759806692245
0 1 164.5138051757248 371.1203078951653 -8.281117641339057 700.0612295405753 360.09673777598107 362.06246331006554 -9.340544347987917 0.5040492087338718 171.49610014354727 369.6063438375386 -4.3187711132244555 2.745502423443755
0 1 157.41534243179007 371.1727930344214 -7.09846274393474 700.0524851392561 350.19185388358426 362.58550127972876 -9.904883892396816 0.5230379696632428 166.14327069845936 372.39515333947764 -5.352829445087901 2.788809501939072
0 1 151.24668295902268 371.21840332542814 -6.168659472767389 700.0456102910067 340.20514903515226 363.100987720195 -9.986704848432009 0.5154864404662738 159.84022210443592 374.6970349485092 -6.3030485940234495 2.301881609031543
0 1 145.82867705288203 371.2584633785315 -5.418005906140646 700.0400600531033 330.2178156009996 363.6041486040647 -9.987333434152655 0.5031608838696929 152.77707471369857 376.20589833964124 -7.063147390737361 1.5088633911320097
0 1 141.0293074050292 371.2939493130775 -4.799369647852849 700.035485934546 320.2298540555148 364.0946831756471 -9.987961545484767 0.4905345715824192 145.19833687106686 376.69384797583615 -7.578737842631722 0.48794963619490594
0 1 136.7482457223865 371.32560294382586 -4.281061682642664 700.0316536307483 310.241275516581 364.57248938275586 -9.988578538933773 0.4778062071087809 138.3774728126983 377.13300264841155 -6.82086405836855 0.43915467257541535
0 1 132.90732764170156 371.3540022082311 -3.840918080684963 700.0283992644053 300.2520979547654 365.03760403369694 -9.989177561815586 0.4651146509410657 132.2386951601666 377.5282418537294 -6.1387776525316955 0.3952392053178738
0 1 129.444395195419 371.37960669447466 -3.4629324462825584 700.0256044862435 290.26234348883304 365.4901586827552 -9.989754465932371 0.4525546490582269 126.71379527288808 377.8839571385155 -5.524899887278526 0.35571528478608644
0 1 126.30916098509233 371.4027882212454 -3.13523421032666 700.0231815267707 280.2720364543453 365.9303465479507 -9.990307034487708 0.44018786519555403 121.7413853743374 378.20410089482294 -4.972409898550674 0.3201437563074778
0 1 114.75238915452319 368.17153074834675 -11.556771830569152 696.7687425271014 270.28120202656714 366.35839728877727 -9.990834427778184 0.42805074082657874 117.26621646564179 378.49223027549965 -4.475168908695607 0.28812938067673005
0 1 105.27583625345648 365.52189962056985 -9.476552901066704 697.3503688722232 260.2885612770039 366.7419736829521 -9.992640749563241 0.3835763941748461 112.88358554899504 377.29415521909687 -4.38263091664675 -1.1980750564028042
0 1 97.30036933191874 363.2919700634328 -7.975466921537737 697.770070442863 250.29360532825768 367.0595513626192 -9.994955948746211 0.31757767966704437 108.12506454127329 374.9560644287349 -4.7585210077217575 -2.3380907903619708
0 1 90.46390627705202 361.3805044173082 -6.836463054866723 698.0885343538754 240.29641622427027 367.2966378850438 -9.99718910398741 0.23708652242464637 102.8220353648402 371.75229878371135 -5.303029176433086 -3.2037656450235565
0 1 84.52292805332866 359.71941509555177 -5.940978223723364 698.3389106782436 230.2974951118472 367.4435275972106 -9.998921112423059 0.14688971216680402 96.90033825617218 367.904614112549 -5.921697108668035 -3.847684671162388
0 1 79.30489725644536 358.2604608777619 -5.218030796883301 698.5410457822101 220.2976217696839 367.4938579130422 -9.999873342163303 0.05033031583157636 90.31964585323347 363.6143007064775 -6.580692402938703 -4.290313406071483
0 1 74.68266925190596 356.9680922994014 -4.622228004539395 698.7076314216395 210.29774792289908 367.44362795794785 -9.99987384678483 -0.05022995509431042 83.0479443342133 359.0972842524383 -7.271701519020168 -4.517016454039176
0 1 70.55961879932741 355.81529307645644 -4.123050452578555 698.847200777055 200.298920349416 367.2905033167089 -9.998827573483075 -0.15312464123896896 76.50341296709514 355.03196944380306 -6.544531367118152 -4.065314808635258
0 1 66.86046653177361 354.7810152017037 -3.6991522675537984 698.9657221252472 190.30222840127013 367.0333067112184 -9.996691948145854 -0.25719660549051926 70.61333473668881 351.3731861160313 -5.890078230406337 -3.6587833277717325
0 1 63.525348692247256 353.8485208512086 -3.3351178395263545 699.0675056495048 180.3087709210075 366.6716333915185 -9.993457480262636 -0.3616733196999088 65.31226432932311 348.08028112103676 -5.301070407365703 -3.2929049949945592
0 1 60.50583395779766 353.00426869383625 -3.0195147344495963 699.1557478426276 170.31963845246443 366.20555128941766 -9.989132468543064 -0.4660821021008734 60.54130096269398 345.11666662554165 -4.770963366629133 -2.9636144954951034
0 1 48.87443495293175 350.05290338442364 -11.631399004865909 697.0486346905874 160.3359077060159 365.63535800427854 -9.983730746448556 -0.5701932851391273 56.24743393272776 342.44941357959607 -4.29386702996622 -2.667253045945593
0 1 39.33668776894171 347.6327838307053 -9.537747183990044 697.5798804462817 150.35952107298812 364.9485467140797 -9.976386633027781 -0.6868112901988419 51.33874084012288 341.1257422353957 -4.908693092604881 -1.3236713442003667
0 1 31.309719738895687 345.5960112142959 -8.026968030046019 697.9632273835906 140.3923157520742 364.1393384029846 -9.96720532091391 -0.8092083110951405 45.602252035864915 340.64936638749435 -5.736488804257968 -0.4763758479013245
0 1 24.429110625990564 343.85011710173376 -6.880609112905123 698.2541058874378 130.43597811690503 363.2058819795165 -9.956337635169174 -0.9334564234681174 39.021909391246524 340.7112257564236 -6.5803426446183915 0.06185936892922522
0 1 18.449768884851178 342.3329116666404 -5.979341741139385 698.4827945649066 120.49201838518157 362.1486852835975 -9.943959731723469 -1.0571966959190153 31.633142076166436 341.0823325287759 -7.38876731508009 0.37110677235232964
0 1 13.198042961035043 341.0003323526981 -5.251725923816136 698.6674206860577 110.56176727466311 360.96965479966286 -9.930251110518448 -1.1790304839346308 23.489955146063163 341.5579832088403 -8.143186930103273 0.4756506800644036
0 1 8.545967191047716 339.8199089970419 -4.652075769987326 698.8195766443438 100.64638956473665 359.67146957809643 -9.915377709926464 -1.2981852215664218 14.66328395363287 341.9049127553042 -8.826671192430293 0.3469295464639237
0 1 4.396292382700105 338.76696547154023 -4.14967480834761 698.9470564744983 90.74690968314594 358.25715063458307 -9.89947988159071 -1.4143189435133818 6.719279880445606 342.21714934712173 -7.944004073187264 0.31223659181753133
0 1 0.6732530569722641 337.822276951532 -3.723039325727841 699.0553114799917 80.86424610285904 356.72974742689 -9.882663580286897 -1.5274032076930306 0.0 342.49816227975754 0.0 -0.0
0 2 600.0 350.0 0.0 700.0 120.29987422895765 350.0086860121491 0.2998742289576504 0.008686012149118157 1078.5 350.0 -1.5 -0.0
0 2 600.0 350.0 0.0 700.0 120.86963526397719 350.02518943523245 0.5697610350195358 0.016503423083324507 1075.65 350.0 -2.85 -0.0
0 2 600.0 350.0 0.0 700.0 121.68229442445242 350.0487285281566 0.8126591604752327 0.02353909292411021 1071.585 350.0 -4.0649999999999995 -0.0
0 2 600.0 350.0 0.0 700.0 122.71356189783778 350.0785997239374 1.03126747338536 0.029871195780817338 1066.4265 350.0 -5.1585 -0.0
0 2 600.0 350.0 0.0 700.0 123.94157685284225 350.1141698122892 1.2280149550044746 0.03557008835185376 1060.28385 350.0 -6.142650000000001 -0.0
0 2 600.0 350.0 0.0 700.0 125.34666454130392 350.154868903955 1.4050876884616774 0.040699091665786544 1053.255465 350.0 -7.028385000000001 -0.0
0 2 600.0 350.0 0.0 700.0 126.91111768987709 350.2001840986033 1.56445314857316 0.04531519464832606 1045.4299185 350.0 -7.825546500000001 -0.0
0 2 600.0 350.0 0.0 700.0 128.6189997525506 350.2496537859359 1.7078820626734945 0.04946968733261163 1036.88692665 350.0 -8.54299185 -0.0
0 2 600.0 350.0 0.0 700.0 130.4559678379144 350.30286251668434 1.8369680853637957 0.05320873074846866 1027.6982339850001 350.0 -9.188692665000001 -0.0
0 2 600.0 350.0 0.0 700.0 132.40911334369946 350.35943638650707 1.9531455057850666 0.05657386982273999 1017.9284105865001 350.0 -9.769823398500002 -0.0
0 2 600.0 350.0 0.0 700.0 134.46681852786367 350.41903888149665 2.0577051841642104 0.0596024949895842 1007.9284105865001 350.0 -10.0 -0.0
0 2 600.0 350.0 0.0 700.0 136.61862742256912 350.4813671391364 2.15180889470544 0.062328257639743985 997.9284105865001 350.0 -10.0 -0.0
0 2 600.0 350.0 0.0 700.0 138.85512965676168 350.5461485831613 2.2365022341925465 0.06478144402488778 987.9284105865001 350.0 -10.0 -0.0
0 2 600.0 350.0 0.0 700.0 141.16785589649263 350.61313789493283 2.3127262397309423 0.0669893117715172 977.9284105865001 350.0 -10.0 -0.0
0 2 600.0 350.0 0.0 700.0 143.5491837412081 350.6821142876763 2.3813278447154986 0.06897639274348366 967.9284105865001 350.0 -10.0 -0.0
0 2 600.0 350.0 0.0 700.0 145.9922530304097 350.7528790532946 2.4430692892015995 0.07076476561825348 957.9284105865001 350.0 -10.0 -0.0
0 2 600.0 350.0 0.0 700.0 148.49088961964878 350.82525335450015 2.4986365892390903 0.07237430120554632 947.9284105865001 350.0 -10.0 -0.0
0 2 600.0 350.0 0.0 700.0 151.03953677892162 350.8990762377343 2.5486471592728317 0.07382288323410986 937.9284105865001 350.0 -10.0 -0.0
0 2 600.0 350.0 0.0 700.0 153.63319345122483 350.9742028447941 2.593656672303199 0.07512660705981704 927.9284105865001 350.0 -10.0 -0.0
0 2 600.0 350.0 0.0 700.0 156.26735868525535 351.05050280329704 2.63416523403053 0.07629995850295349 917.9284105865001 350.0 -10.0 -0.0
0 2 600.0 350.0 0.0 700.0 158.93798162484046 351.1278587780988 2.6706229395851278 0.0773559748017763 907.9284105865001 350.0 -10.0 -0.0
0 2 600.0 350.0 0.0 700.0 161.64141649942474 351.2061651675695 2.7034348745842656 0.07830638947071684 897.9284105865001 350.0 -10.0 -0.0
0 2 600.0 350.0 0.0 700.0 164.3743821155082 351.28532693024226 2.7329656160834896 0.07916176267276334 887.9284105865001 350.0 -10.0 -0.0
0 2 600.0 350.0 0.0 700.0 167.13392539894102 351.36525852879686 2.7595432834327913 0.07993159855460519 877.9284105865001 350.0 -10.0 -0.0
0 2 600.0 350.0 0.0 700.0 169.91738858298817 351.44588297964515 2.7834631840471626 0.08062445084826285 867.9284105865001 350.0 -10.0 -0.0
0 2 600.0 350.0 0.0 700.0 172.72237967758826 351.5271309975577 2.804991094600097 0.08124801791255473 857.9284105865001 350.0 -10.0 -0.0
0 2 600.0 350.0 0.0 700.0 175.54674589168602 351.6089402258281 2.8243662140977377 0.08180922827041742 847.9284105865001 350.0 -10.0 -0.0
0 2 600.0 350.0 0.0 700.0 178.38854971333163 351.6912545434206 2.8418038216456147 0.08231431759249386 837.9284105865001 350.0 -10.0 -0.0
0 2 600.0 350.0 0.0 700.0 181.24604738177032 351.77402344140296 2.857497668438704 0.08276889798236266 827.9284105865001 350.0 -10.0 -0.0
0 2 600.0 350.0 0.0 700.0 184.1176695123228 351.8572014617362 2.8716221305524843 0.08317802033324458 817.9284105865001 350.0 -10.0 -0.0
0 2 600.0 350.0 0.0 700.0 187.00200365877768 351.94074769218525 2.8843341464548864 0.08354623044903829 807.9284105865001 350.0 -10.0 -0.0
0 2 600.0 350.0 0.0 700.0 189.89777861954474 352.02462531173853 2.8957749607670484 0.08387761955325264 797.9284105865001 350.0 -10.0 -0.0
0 2 600.0 350.0 0.0 700.0 192.80385031319273 352.1088011814856 2.9060716936479944 0.08417586974704554 787.9284105865001 350.0 -10.0 -0.0
0 2 600.0 350.0 0.0 700.0 195.71918906643356 352.19324547640707 2.9153387532408455 0.08444429492145912 777.9284105865001 350.0 -10.0 -0.0
0 2 600.0 350.0 0.0 700.0 198.64286817330796 352.2779313539855 2.9236791068744115 0.08468587757843135 767.9284105865001 350.0 -10.0 -0.0
0 2 600.0 350.0 0.0 700.0 201.5740535984526 352.36283465595517 2.931185425144621 0.08490330196970637 757.9284105865001 350.0 -10.0 -0.0
0 2 600.0 350.0 0.0 700.0 204.5119947100404 352.447933639877 2.9379411115878096 0.08509898392185389 747.9284105865001 350.0 -10.0 -0.0
0 2 600.0 350.0 0.0 700.0 207.4560159394271 352.5332087375558 2.944021229386679 0.08527509767878667 737.9284105865001 350.0 -10.0 -0.0
0 2 600.0 350.0 0.0 700.0 210.40550927483275 352.6186423376158 2.949493335405662 0.08543360006002618 727.9284105865001 350.0 -10.0 -0.0
0 2 600.0 350.0 0.0 700.0 213.3599275056555 352.704218589819 2.9544182308227462 0.08557625220314173 717.9284105865001 350.0 -10.0 -0.0
0 2 600.0 350.0 0.0 700.0 216.3187781423536 352.78992322895095 2.958850636698122 0.08570463913194572 707.9284105865001 350.0 -10.0 -0.0
0 2 600.0 350.0 0.0 700.0 219.28161794433956 352.8757434163188 2.9628398019859605 0.08582018736786928 697.9284105865001 350.0 -10.0 -0.0
0 2 600.0 350.0 0.0 700.0 222.24804799508456 352.961667597099 2.966430050745015 0.08592418078020052 687.9284105865001 350.0 -10.0 -0.0
0 2 600.0 350.0 0.0 700.0 225.2177092697127 353.0476853719503 2.9696612746281645 0.08601777485129863 677.9284105865001 350.0 -10.0 -0.0
0 2 600.0 350.0 0.0 700.0 228.19027864583572 353.1337873814656 2.9725693761229985 0.08610200951528693 667.9284105865001 350.0 -10.0 -0.0
0 2 600.0 350.0 0.0 700.0 231.16546531330405 353.21996520217846 2.9751866674683494 0.0861778207128764 657.9284105865001 350.0 -10.0 -0.0
0 2 600.0 350.0 0.0 700.0 234.1430075429832 353.30621125296915 2.977542229679165 0.08624605079070692 647.9284105865001 350.0 -10.0 -0.0
0 2 600.0 350.0 0.0 700.0 237.12266977865212 353.3925187108299 2.9796622356688993 0.0863074578607544 637.9284105865001 350.0 -10.0 -0.0
0 2 600.0 350.0 0.0 700.0 240.1042400197118 353.4788814350537 2.98157024105966 0.08636272422379714 627.9284105865001 350.0 -10.0 -0.0
0 2 588.2851810012199 347.3994200981664 -11.714818998780096 697.3994200981664 243.08752746562314 353.56529389900425 2.9832874459113445 0.08641246395053558 618.6284105865002 350.0 -9.3 -0.0
0 2 578.6790294222203 345.26694457866284 -9.606151578999677 697.8675244804964 246.072360395901 353.65175112870884 2.984832930277861 0.0864572297046002 608.7638894883557 349.87191140877815 -9.864521098144417 -0.1280885912218817
0 2 570.5944922533342 343.47225318144865 -8.084537168886127 698.2053086027857 249.05858426210872 353.7382486475921 2.9862238662077254 0.08649751888325835 598.76934050939 349.54177400245453 -9.994548978965781 -0.330137406323592
0 2 563.6645356483446 341.93386783640904 -6.929956604989639 698.4616146549604 252.04605997065332 353.8247824267362 2.9874757085446033 0.08653377914405068 588.786464589431 348.95680531380236 -9.982875919958966 -0.5849686886521772
0 2 557.6423102737361 340.5969903076013 -6.022225374608414 698.6631224711923 255.0346623373011 353.91134884011495 2.9886023666477937 0.08656641337876375 578.826014866266 348.0683002140423 -9.960449723165135 -0.8885050997600287
0 2 552.3529191520861 339.42279510703247 -5.289391121650073 698.8258047994311 258.02427869624177 353.997944624305 2.989616358940665 0.08659578419000552 568.9033768186262 346.82682763056295 -9.922638047639806 -1.2414725834793618
0 2 547.6674788545592 338.3826713227676 -4.685440297526821 698.9598762157351 261.014807648246 354.0845668422251 2.990528952004249 0.0866222179201231 559.0415050264944 345.17048082039395 -9.8618717921317 -1.6563468101690235
0 2 543.4880427211025 337.45487571527275 -4.179436133456775 699.0722043925052 264.0061579340075 354.17121285050234 2.9913502857614747 0.0866460082772289 549.8658878855433 343.68613097290665 -9.175617140951115 -1.4843498474872772
0 2 539.7383018852842 336.62246843217866 -3.749740835818295 699.1675927169059 266.99824742015045 354.25788027010094 2.992089486142978 0.08666741959862415 541.3079123478196 342.35713905008686 -8.557975537723683 -1.3289919228197866
0 2 536.3575739101668 335.8719785418464 -3.3807279751173915 699.2495101096678 269.99100218663676 354.3445669598888 2.9927547664863305 0.08668668978787987 533.3058264674916 341.1684796021921 -8.0020858803281 -1.1886594478947095
0 2 533.296765139619 335.1925077132427 -3.0608087705478644 699.3205291713964 272.9843557054321 354.43127099284703 2.993353518795348 0.08670403295821003 525.8040531957573 340.1065855621295 -7.501773271734225 -1.0618940400626287
0 2 521.3711081361489 333.8588267035609 -11.925657003470045 698.6663189903182 275.97824810130555 354.51799063465853 2.993892395873464 0.08671964181150717 518.752572826586 339.1592075025585 -7.051480369171407 -0.947378059570987
0 2 511.59206939330346 332.76520827562183 -9.779038742845437 698.9063815720609 278.9726254865493 354.604724324438 2.994377385243768 0.0867336897794746 513.0706278493595 336.961729175986 -5.681944977226358 -2.1974783265724955
0 2 503.36203038732475 331.84481900666833 -8.230039005978718 699.0796107310465 281.96743936222634 354.69147065738866 2.9948138756770417 0.08674633295064528 507.4584166802597 333.5692418333765 -5.612211169099865 -3.392487342609515
0 2 496.30735156312403 331.05587369535317 -7.054678824200717 699.2110546886848 284.96264607929334 354.77822836919336 2.995206717066988 0.08675771180469888 501.02492874012245 329.9340241963499 -6.433487940137258 -3.635217637026602
0 2 490.17674090472184 330.37026962251383 -6.130610658402201 699.3143959271607 287.9582063536113 354.8649963219667 2.9955602743179397 0.08676795277334713 493.77548392221826 327.00935419570527 -7.249444817904187 -2.9246700006446633
0 2 484.79215371813643 329.7680955306684 -5.384587186585397 699.3978259081546 290.9540848294551 354.95177349161185 2.995878475843796 0.08677716964513055 486.1547181018452 325.40096855580117 -7.620765820373039 -1.6083856399040923
0 2 480.022386988974 329.2346786039997 -4.769766729162453 699.4665830733313 293.9502496866722 355.0385589564416 2.9961648572170674 0.08678546482973562 478.8492624790501 325.3853431948276 -7.30545562279515 -0.015625360973560376
0 2 475.76773125757046 328.75886804278235 -4.254655731403518 699.5241894387826 296.9466722871252 355.1253518869375 2.9964226004530112 0.08679293049588019 471.9746327272328 325.3842459646555 -6.874629751817307 -0.0010972301721136838
0 2 471.95050428508966 328.33197641564925 -3.817226972480814 699.5731083728668 299.94332685649056 355.21215153653293 2.9966545693653606 0.08679964959541027 465.48776449432484 325.39663893238827 -6.486868232907948 0.012392967732759491
0 2 468.50893149958745 327.94709529202424 -3.44157278550221 699.615118876375 302.94019019787703 355.29895723331794 2.9968633413864754 0.08680569678498733 459.3498987675888 325.4215516030569 -6.137865726736024 0.024912670668633514
0 2 465.3930356795523 327.59863557344283 -3.1158958200351003 699.6515402814185 305.9372414340825 355.3857683725735 2.9970512362054786 0.08681113925560667 453.5261514057239 325.45807851028167 -5.823747361864887 0.03652690722477518
0 2 453.4203375617105 326.78962396720533 -11.972698117841817 699.1909883937625 308.9344617756251 355.47258441005266 2.9972203415425813 0.0868160374791641 447.9851257138157 325.5053763150707 -5.541025691908223 0.0472978047890196
0 2 443.6027251050802 326.1262344500906 -9.817612456630288 699.3366104828852 311.93183431197104 355.55940485593305 2.997372536345974 0.08682044588036579 444.45800588755213 325.89287090498937 -3.5271198262635632 0.38749458991866764
0 2 435.34022246158014 325.56792583248676 -8.26250264350005 699.4416913823962 314.92934382364007 355.6462292693745 2.997509511669027 0.0868244134414473 439.83649748313803 326.63645773457426 -4.621508404414096 0.7435868295849003
0 2 428.25771624360743 325.0893511891446 -7.082506217972713 699.5214253566578 317.92697661309984 355.7330572536209 2.997632789459775 0.08682798424642067 434.21778374775926 326.95887243714327 -5.6187137353787815 0.3224147025690252
0 2 422.102923206233 324.6734633957486 -6.154793037374427 699.584112206604 320.9247203525713 355.81988845159185 2.9977437394714483 0.0868311979708967 427.7297008158469 326.80010198637086 -6.488082931912372 -0.15877045077240165
0 2 416.6970963528003 324.30818427297345 -5.405826853432702 699.6347208772248 323.9225639470532 355.9067225419148 2.9978435944819544 0.08683409032292509 420.4872977756206 326.12689670178776 -7.242403040226267 -0.6732052845830959
0 2 411.90851513466106 323.98461328297975 -4.788581218139279 699.6764290100064 326.9204974110446 355.99355923535455 2.9979334639914095 0.08683669343975062 412.61676913797413 324.87208477824385 -7.870528637646502 -1.2548119235439326
0 2 407.63707678517494 323.6959863447533 -4.27143834948613 699.7113730617735 329.9185117575945 356.08039827159945 2.9980143465499194 0.08683903624489359 405.23388992305524 323.7616638195324 -7.382879214918903 -1.1104209587114466
0 2 403.80479264556755 323.43703365782955 -3.832284139607391 699.7410473130763 332.9165988984471 356.16723941636894 2.998087140852578 0.08684114476952226 398.28992126568676 322.7816031853755 -6.943968657368467 -0.9800606341568552
0 2 400.34964447222933 323.2035645645651 -3.455148173338241 699.7665309067356 335.9147515541721 356.2540824588106 2.998152655724971 0.0868430424416881 391.7409964599054 321.9192405652603 -6.54892480578138 -0.8623626201152472
0 2 397.22145790698846 322.9921887148738 -3.1281865652408483 699.7886241503087 338.9129631732822 356.34092720915726 2.9982116191101245 0.08684475034663736 385.5476338807897 321.16314915394264 -6.19336257911567 -0.7560914113176188
0 2 385.47366676051496 320.5448629950649 -11.74779114647353 697.5526742801911 341.91122785943895 356.42777349661833 2.998264686156763 0.08684628746109169 379.67429859777326 320.50301744588194 -5.87333528301646 -0.6601317080607161
0 2 375.8404780204067 318.5380559048216 -9.633188740108293 697.9931929097567 344.9095403059377 356.5146211674824 2.998312446498737 0.08684767086410061 375.88825779661437 319.91972193073815 -3.786040801158893 -0.5832955151437604
0 2 367.73318637673157 316.84912705767283 -8.107291643675138 698.3110711528512 347.9078957367442 356.6014700834092 2.998355430806514 0.08684891592680866 372.4289801474799 317.89565206204594 -3.459277649134465 -2.024069868692211
0 2 360.7837249417729 315.4013999491006 -6.9494614349586366 698.5522728914278 350.9062898534277 356.68832011989247 2.9983941166835133 0.08685003648324591 367.85154903135054 315.74769767501033 -4.577431116129309 -2.1479543870355884
0 2 354.7445496079278 314.14330564552665 -6.0391753338451215 698.7419056964261 353.90471878740055 356.7751711648765 2.9984289339728125 0.08685104498403942 362.23365827478875 313.74113222993907 -5.617890756561799 -2.0065654450712573
0 2 349.4402711384417 313.03830667495004 -5.304278469486138 698.8950010294234 356.9031790569337 356.8620231175112 2.998460269533182 0.08685195263475358 355.6797147837076 312.01565909063896 -6.553943491081137 -1.7254731393000786
0 2 344.7416433533818 312.0594781885722 -4.6986277850599105 699.0211715136221 359.90166752847125 356.94887588703165 2.9984884715375144 0.08685276952039633 348.3009161144625 310.70534682014744 -7.378798669245095 -1.3103122704915127
0 2 340.55044391521824 311.1863582927571 -4.191199438163571 699.1268801041849 362.9001813818127 357.0357293917491 2.9985138533414135 0.0868535047174748 341.36179778648255 309.55888410841976 -6.9391183279799415 -1.1464627117276784
0 2 336.7901491810714 310.40300541371806 -3.760294734146863 699.2166471209609 365.8987180787776 357.12258355814396 2.9985366969649228 0.08685416639484544 334.81852099684573 308.5610397087747 -6.543276789636832 -0.9978443996450932
0 2 333.3999059191947 309.69674247222116 -3.390243261876709 699.2937370585031 368.8972753350037 357.20943832004843 2.998557256226081 0.08685476190447902 328.63162410066315 307.6980099804666 -6.186896896182598 -0.8630297283080227
0 2 330.3304822960525 309.0573133842977 -3.069423623142204 699.3605709120766 371.8958510945648 357.2962936179116 2.9985757595611235 0.08685529786314923 322.76558515895823 306.95728680179974 -5.866038941704942 -0.7407231786668951
0 2 318.5937867920159 311.5573091133996 -11.736695504036573 702.4999957291019 374.8944435071275 357.38314939813756 2.9985924125626617 0.0868557802259524 317.1884282372653 306.32753696602026 -5.5771569216929 -0.629749835779498
0 2 308.96969647870594 313.60730561126314 -9.624090313309988 702.0499964978635 377.89305090739157 357.47000561249 2.998607400264046 0.08685621435247524 312.55826094012184 307.2093703443522 -4.6301672971434975 0.881833378331926
0 2 300.8700620710243 315.3325826638651 -8.099634407681686 701.725277052602 380.8916717965869 357.5568622175564 2.9986208891952923 0.08685660506634583 307.65731497409155 309.31128041748656 -4.9009459660302666 2.1019100731343805
0 2 293.92716431584597 316.8114669656319 -6.942897755178302 701.4788843017668 383.8903048258203 357.64371917426524 2.998633029233414 0.08685695670882934 302.1243805441288 312.19845395502347 -5.532934429962718 2.8871735375369196
0 2 287.8936929078949 318.096637288603 -6.033471407951059 701.2851703229711 386.888948781088 357.73057644745234 2.998643955267723 0.08685727318706447 295.83751793510066 315.53255382348993 -6.286862609028157 3.334099868466477
0 2 282.5944242633665 319.225417444323 -5.299268644528438 701.12878015572 389.8876025697866 357.8174340054698 2.9986537886986016 0.08685755801747606 288.7518605494079 318.99400165391324 -7.0856573856927145 3.4614478304232934
0 2 277.9002342737353 320.2253117435007 -4.694189989631192 700.9998942991778 392.88626520857304 357.90429181983467 2.998662638786392 0.0868578143648465 280.8758271506536 322.1656396391024 -7.87603339875429 3.1716379851891214
0 2 273.71299337124606 321.11722244948635 -4.187240902489246 700.8919107059857 395.8849358124384 357.99114986491213 2.9986706038654036 0.08685804507747989 273.4891043072999 325.05207340540414 -7.386722843353734 2.886433766301776
0 2 269.95625018864683 321.9174342219227 -3.756743182599218 700.8002117724363 398.8836135848749 358.078008117631 2.998677772436514 0.08685825271884995 266.54271016591656 327.68134564479334 -6.946394141383321 2.6292722393892074
0 2 266.56920896931064 322.63889696922837 -3.3870412193361945 700.7214627473057 401.88229780902543 358.16486655722707 2.998684224150513 0.08685843959608298 259.9925656046081 330.0787310682236 -6.550144561308479 2.3973854234302534
0 2 263.5026843785555 323.2920875012173 -3.0665245907551535 700.6531905319889 404.88098783971856 358.25172516501266 2.9986900306931124 0.08685860778559272 253.79900341757389 332.2670095101386 -6.19356218703421 2.188278441915042
0 2 251.54937336545495 322.2345640621912 -11.953311013100533 698.9424765609739 407.8796830963 358.3385839241688 2.9986952565814518 0.08685875915615149 247.92632667106847 334.266712290855 -5.872676746505415 1.9997027807164036
0 2 241.74765833471253 321.36739484218987 -9.801715030742436 699.1328307799986 410.878383056181 358.42544281955844 2.998699959880957 0.08685889538965438 243.07340695208188 334.63014644021257 -4.852919718986595 0.36343414935754415
0 2 233.4985349648397 320.6375852266367 -8.249123369872832 699.2701903844469 413.87708724903155 358.51230183755825 2.998704192850512 0.08685901799980703 238.55658229584245 333.46467552354596 -4.5168246562394225 -1.1654709166665809
0 2 226.4274972804028 320.01200223282575 -7.0710376844369005 699.3744170061891 415.1079329549499 358.28223635584123 1.2308457059183626 -0.2300654817170108 233.94118709296407 331.02032286750676 -4.615395202878372 -2.4443526560391895
0 2 220.28267055271914 319.46836220822024 -6.1448267276836575 699.4563599753944 414.74562884661185 357.77700267593167 -0.36230410833806137 -0.5052336799095455 228.94171037137414 327.581484552072 -4.999476721589942 -3.438838315434749
0 2 214.88559722588414 318.99087680363107 -5.397073326835003 699.5225145954108 412.94784038938184 357.0323688120112 -1.797788457230003 -0.7446338639204666 223.34757737839203 323.46093648066073 -5.594132992982118 -4.120548071411315
0 2 210.1047700431949 318.56791141788267 -4.7808271826892526 699.5770346142516 409.8567557681045 356.0792672199156 -3.0910846212773064 -0.9531015920955863 216.98654039396263 319.0518131825856 -6.361036984429391 -4.409123298075158
0 2 205.8402483320356 318.19062418250127 -4.2645217111593 699.6227127646187 405.6005487320699 354.94463048430833 -4.256207036034603 -1.1346367356072469 211.26160710797618 315.0836022143179 -5.7249332859864515 -3.968210968267642
0 2 202.01416971880846 317.85212652201125 -3.826078613227149 699.66150233951 400.29472483096515 353.6520276597559 -5.305823901104738 -1.2926028245524388 206.10916715058838 311.51221234287704 -5.152439957387807 -3.571389871440878
0 2 198.56461638456778 317.5469404943799 -3.449553334240665 699.6948139723687 394.04335054597897 352.2221667626682 -6.251374284986209 -1.4298608970877011 201.47197118893936 308.29796145858023 -4.637195961649026 -3.2142508842967903
0 2 195.44149521728434 317.27063430325836 -3.123121167283454 699.7236938088785 386.94017036384 350.6733026180752 -7.103180182138954 -1.5488641445930311 197.29849482345523 305.4051356627131 -4.173476365484124 -2.8928257958671115
0 2 183.46080858383525 316.5900846789884 -11.980686633449102 699.31945037573 379.06961912369974 349.02157502075585 -7.870551240140282 -1.6517275973193388 193.5423660945195 302.8015924464327 -3.7561287289357117 -2.6035432162804004
0 2 173.63664554440697 316.032033987087 -9.824163039428262 699.4419493080986 370.50632412648275 347.2896729363476 -8.563294997217005 -1.7319020844082345 189.27651902165195 301.66926631713176 -4.2658470728675555 -1.1323261293009645
0 2 165.36862993042416 315.5623785247828 -8.268015613982824 699.5303445376958 361.3179152217702 345.4957474740114 -9.188408904712581 -1.7939254623361962 184.33244839961247 301.6647656828869 -4.944070622039465 -0.004500634244857249
0 2 158.28139806824794 315.159796174665 -7.087231862176225 699.5974176498822 351.56554862461394 343.65470106492114 -9.75236659715625 -1.841046409090275 178.67289788275727 302.54737939534044 -5.659550516855214 0.8826137124535298
0 2 152.12249838258464 314.80994670482806 -6.158899685663287 699.650150530163 341.7285516330563 341.85651025522196 -9.836996991557607 -1.798190809699181 172.30359981659504 304.1307709458538 -6.36929806616223 1.5833915505133134
0 2 146.71306461183357 314.5026698155453 -5.409433770751078 699.6927231107172 331.8816624270067 340.11330259008764 -9.846889206049644 -1.743207665134309 165.24541559383894 306.2574015847764 -7.058184222756086 2.1266306389226317
0 2 141.92128831975012 314.2304782746983 -4.79177629208346 699.727808459153 322.0255101340617 338.4232546682006 -9.856152292945023 -1.6900479218870055 157.52257046775676 308.7811120712853 -7.72284512608219 2.5237104865088673
0 2 137.6469999483571 313.9876820615788 -4.27428837139302 699.7572037868805 312.16072917572825 336.7843231125514 -9.864780958333405 -1.6389315556491804 150.57200985428278 311.0524515091433 -6.9505606134739715 2.2713394378579808
0 2 133.81215880268812 313.7698481610131 -3.8348411456689724 699.7821660994342 302.287936492572 335.1943656806006 -9.87279268315629 -1.589957431950811 144.3165053021562 313.09665700321546 -6.255504552126575 2.0442054940721825
0 2 130.35470525884472 313.5734513448553 -3.4574535438434126 699.8036031838423 292.40771795060635 333.6512255174919 -9.88021854196561 -1.5431401631086434 138.6865512052423 314.93644194788044 -5.6299540969139175 1.8397849446649643
0 2 127.22443148093443 313.39563961264025 -3.1302737779102876 699.822188267785 282.52062071869 332.15279022471765 -9.887097231916371 -1.4984352927742999 133.61959251801977 316.5922483980789 -5.066958687222526 1.655806450198468
0 2 115.61133613520465 316.41822401857326 -11.613095345729775 703.022584405933 272.6271495141265 330.69703354021556 -9.893471204563516 -1.4557566845020833 129.0593296995195 318.0824742032575 -4.560262818500274 1.4902258051786212
0 2 106.08859795170623 318.89674323143834 -9.522738183498415 702.4785192128651 262.7224693127708 329.31960473665714 -9.904680201355703 -1.3774288035584032 123.46644927597828 319.2394509965299 -5.592880423541234 1.1569767932723958
0 2 98.07426149647397 320.9826650009856 -8.014336455232264 702.0859217695472 252.80420018987493 328.0436981547278 -9.918269122895861 -1.2759065819293307 116.93314849668683 320.2511544337235 -6.5333007792914515 1.0117034371935925
0 2 91.20447999973082 322.77068910705293 -6.869781496743139 701.7880241060673 242.87161928500134 326.88445850386154 -9.93258090487359 -1.1592396508662681 109.55430494249933 321.21982676578654 -7.378843554187495 0.9686723320629966
0 2 85.23454760247539 324.32450607240264 -5.969932397255431 701.5538169653497 232.92510326110056 325.85158920608706 -9.946516023900772 -1.0328692977745062 101.41867448778551 322.217956195837 -8.135630454713823 0.9981294300504984
0 2 79.99108601566168 325.6892417224238 -5.243461586813709 701.3647356500211 222.9657366657502 324.95102437254127 -9.95936659535036 -0.9005648335458059 92.60915437717941 323.3098817250421 -8.809520110606094 1.0919255292050785
0 2 75.34633094795046 326.89814975418335 -4.644755067711214 701.2089080317595 212.99503795476448 324.18606214161224 -9.970698710985712 -0.764962230929016 83.20656384650395 324.5705677054941 -9.40259053067545 1.2606859804520092
0 2 71.2031862425755 327.97650175295473 -4.14314470537496 701.0783519987714 203.01477011721113 323.55816574036606 -9.980267837553365 -0.6278964012461621 74.74423236889605 325.70518508790093 -8.462331477607906 1.1346173824068082
0 2 67.48600564826422 328.9439864556902 -3.717180594311268 700.9674847027354 193.0268126007305 323.0675491395685 -9.987957516480627 -0.4906166007975595 67.12813403904893 326.72634073206706 -7.616098329847116 1.0211556441661274
0 2 64.13463365377565 329.8162607656352 -3.3513719944885696 700.8722743099449 183.03307791007435 322.7136184503428 -9.99373469065615 -0.3539306892257259 60.27364554218653 327.64538081181655 -6.8544884968624045 0.9190400797495146
0 2 61.10040289945331 330.6059915212162 -3.0342307543223472 700.789730755581 173.03546100651798 322.49531533601873 -9.99761690355639 -0.21830311432402175 54.104605895010366 328.47251688359114 -6.169039647176164 0.8271360717745632
0 2 49.747900733140206 334.4945252505101 -11.352502166313103 703.8885337292938 163.03581314639538 322.4113946976401 -9.99964786012258 -0.08392063837863567 48.55247021255182 329.21693934818825 -5.552135682458547 0.7444224645971068
0 2 40.438848956763465 337.68312290853106 -9.309051776376744 703.188597658021 153.03613029502628 322.4910368475032 -9.999682851369096 0.07964214986312962 43.886919843222586 331.349859334974 -4.66555036932923 2.1329199867857467
0 2 32.604350981764796 340.3666466975215 -7.8344979749986665 702.6835237889904 143.03949878860595 322.7505720567613 -9.996631506420316 0.2595352092581215 38.97067841407201 334.5868931211141 -4.916241429150571 3.2370337861400986
0 2 25.888724613248723 342.6669272228844 -6.715626368516072 702.300280525363 133.04953775284469 323.1985436004688 -9.989961035761269 0.4479715437074467 33.435472542720454 338.5084858926159 -5.535205871351555 3.9215927715018304
0 2 20.052755093072008 344.6659018973555 -5.835969520176716 701.9989746744711 123.07004153468971 323.83858674888177 -9.979496218154981 0.6400431484130099 27.140032022600288 342.76183041750613 -6.295440520120165 4.253344524890236
0 2 14.926954671122449 346.42162478015086 -5.1258004219495605 701.7557228827953 113.10476575849954 324.67122034445515 -9.965275776190168 0.8326335955733768 20.02550474549519 346.9790303911443 -7.114527277105096 4.217199973638193
0 2 10.386426035268753 347.97687652031203 -4.540528635853695 701.5552517401612 103.15731384249663 325.69503691924285 -9.94745191600291 1.0238165747877002 12.131314811442238 350.61149224071147 -7.894189934052953 3.632461849567151
0 2 6.336251827372232 349.36416883580307 -4.0501742078965215 701.3872923154911 93.23109385211369 326.9075371058499 -9.926219990382942 1.2125001866070286 5.02654387079458 353.8807079053219 -7.104770940647658 3.269215664610436
0 2 2.70248326755302 350.60883114921216 -3.6337685598192118 701.2446623134091 83.32932588339415 328.3057470663493 -9.901767968719536 1.3982099604994256 0.0 356.8230020034713 0.0 -0.0
0 3 600.0 350.0 0.0 700.0 120.29987422895765 350.0086860121491 0.2998742289576504 0.008686012149118157 1078.5 350.0 -1.5 -0.0
0 3 600.0 350.0 0.0 700.0 120.86963526397719 350.02518943523245 0.5697610350195358 0.016503423083324507 1075.65 350.0 -2.85 -0.0
0 3 600.0 350.0 0.0 700.0 121.68229442445242 350.0487285281566 0.8126591604752327 0.02353909292411021 1071.585 350.0 -4.0649999999999995 -0.0
0 3 600.0 350.0 0.0 700.0 122.71356189783778 350.0785997239374 1.03126747338536 0.029871195780817338 1066.4265 350.0 -5.1585 -0.0
0 3 600.0 350.0 0.0 700.0 123.94157685284225 350.1141698122892 1.2280149550044746 0.03557008835185376 1060.28385 350.0 -6.142650000000001 -0.0
0 3 600.0 350.0 0.0 700.0 125.34666454130392 350.154868903955 1.4050876884616774 0.040699091665786544 1053.255465 350.0 -7.028385000000001 -0.0
0 3 600.0 350.0 0.0 700.0 126.91111768987709 350.2001840986033 1.56445314857316 0.04531519464832606 1045.4299185 350.0 -7.825546500000001 -0.0
0 3 600.0 350.0 0.0 700.0 128.6189997525506 350.2496537859359 1.7078820626734945 0.04946968733261163 1036.88692665 350.0 -8.54299185 -0.0
0 3 600.0 350.0 0.0 700.0 130.4559678379144 350.30286251668434 1.8369680853637957 0.05320873074846866 1027.6982339850001 350.0 -9.188692665000001 -0.0
0 3 600.0 350.0 0.0 700.0 132.40911334369946 350.35943638650707 1.9531455057850666 0.05657386982273999 1017.9284105865001 350.0 -9.769823398500002 -0.0
0 3 600.0 350.0 0.0 700.0 134.46681852786367 350.41903888149665 2.0577051841642104 0.0596024949895842 1007.9284105865001 350.0 -10.0 -0.0
0 3 600.0 350.0 0.0 700.0 136.61862742256912 350.4813671391364 2.15180889470544 0.062328257639743985 997.9284105865001 350.0 -10.0 -0.0
0 3 600.0 350.0 0.0 700.0 138.85512965676168 350.5461485831613 2.2365022341925465 0.06478144402488778 987.9284105865001 350.0 -10.0 -0.0
0 3 600.0 350.0 0.0 700.0 141.16785589649263 350.61313789493283 2.3127262397309423 0.0669893117715172 977.9284105865001 350.0 -10.0 -0.0
0 3 600.0 350.0 0.0 700.0 143.5491837412081 350.6821142876763 2.3813278447154986 0.06897639274348366 967.9284105865001 350.0 -10.0 -0.0
0 3 600.0 350.0 0.0 700.0 145.9922530304097 350.7528790532946 2.4430692892015995 0.07076476561825348 957.9284105865001 350.0 -10.0 -0.0
0 3 600.0 350.0 0.0 700.0 148.49088961964878 350.82525335450015 2.4986365892390903 0.07237430120554632 947.9284105865001 350.0 -10.0 -0.0
0 3 600.0 350.0 0.0 700.0 151.03953677892162 350.8990762377343 2.5486471592728317 0.07382288323410986 937.9284105865001 350.0 -10.0 -0.0
0 3 600.0 350.0 0.0 700.0 153.63319345122483 350.9742028447941 2.593656672303199 0.07512660705981704 927.9284105865001 350.0 -10.0 -0.0
0 3 600.0 350.0 0.0 700.0 156.26735868525535 351.05050280329704 2.63416523403053 0.07629995850295349 917.9284105865001 350.0 -10.0 -0.0
0 3 600.0 350.0 0.0 700.0 158.93798162484046 351.1278587780988 2.6706229395851278 0.0773559748017763 907.9284105865001 350.0 -10.0 -0.0
0 3 600.0 350.0 0.0 700.0 161.64141649942474 351.2061651675695 2.7034348745842656 0.07830638947071684 897.9284105865001 350.0 -10.0 -0.0
0 3 600.0 350.0 0.0 700.0 164.3743821155082 351.28532693024226 2.7329656160834896 0.07916176267276334 887.9284105865001 350.0 -10.0 -0.0
0 3 600.0 350.0 0.0 700.0 167.13392539894102 351.36525852879686 2.7595432834327913 0.07993159855460519 877.9284105865001 350.0 -10.0 -0.0
0 3 600.0 350.0 0.0 700.0 169.91738858298817 351.44588297964515 2.7834631840471626 0.08062445084826285 867.9284105865001 350.0 -10.0 -0.0
0 3 600.0 350.0 0.0 700.0 172.72237967758826 351.5271309975577 2.804991094600097 0.08124801791255473 857.9284105865001 350.0 -10.0 -0.0
0 3 600.0 350.0 0.0 700.0 175.54674589168602 351.6089402258281 2.8243662140977377 0.08180922827041742 847.9284105865001 350.0 -10.0 -0.0
0 3 600.0 350.0 0.0 700.0 178.38854971333163 351.6912545434206 2.8418038216456147 0.08231431759249386 837.9284105865001 350.0 -10.0 -0.0
0 3 600.0 350.0 0.0 700.0 181.24604738177032 351.77402344140296 2.857497668438704 0.08276889798236266 827.9284105865001 350.0 -10.0 -0.0
0 3 600.0 350.0 0.0 700.0 184.1176695123228 351.8572014617362 2.8716221305524843 0.08317802033324458 817.9284105865001 350.0 -10.0 -0.0
0 3 600.0 350.0 0.0 700.0 187.00200365877768 351.94074769218525 2.8843341464548864 0.08354623044903829 807.9284105865001 350.0 -10.0 -0.0
0 3 600.0 350.0 0.0 700.0 189.89777861954474 352.02462531173853 2.8957749607670484 0.08387761955325264 797.9284105865001 350.0 -10.0 -0.0
0 3 600.0 350.0 0.0 700.0 192.80385031319273 352.1088011814856 2.9060716936479944 0.08417586974704554 787.9284105865001 350.0 -10.0 -0.0
0 3 600.0 350.0 0.0 700.0 195.71918906643356 352.19324547640707 2.9153387532408455 0.08444429492145912 777.9284105865001 350.0 -10.0 -0.0
0 3 600.0 350.0 0.0 700.0 198.64286817330796 352.2779313539855 2.9236791068744115 0.08468587757843135 767.9284105865001 350.0 -10.0 -0.0
0 3 600.0 350.0 0.0 700.0 201.5740535984526 352.36283465595517 2.931185425144621 0.08490330196970637 757.9284105865001 350.0 -10.0 -0.0
0 3 600.0 350.0 0.0 700.0 204.5119947100404 352.447933639877 2.9379411115878096 0.08509898392185389 747.9284105865001 350.0 -10.0 -0.0
0 3 600.0 350.0 0.0 700.0 207.4560159394271 352.5332087375558 2.944021229386679 0.08527509767878667 737.9284105865001 350.0 -10.0 -0.0
0 3 600.0 350.0 0.0 700.0 210.40550927483275 352.6186423376158 2.949493335405662 0.08543360006002618 727.9284105865001 350.0 -10.0 -0.0
0 3 600.0 350.0 0.0 700.0 213.3599275056555 352.704218589819 2.9544182308227462 0.08557625220314173 717.9284105865001 350.0 -10.0 -0.0
0 3 600.0 350.0 0.0 700.0 216.3187781423536 352.78992322895095 2.958850636698122 0.08570463913194572 707.9284105865001 350.0 -10.0 -0.0
0 3 600.0 350.0 0.0 700.0 219.28161794433956 352.8757434163188 2.9628398019859605 0.08582018736786928 697.9284105865001 350.0 -10.0 -0.0
0 3 600.0 350.0 0.0 700.0 222.24804799508456 352.961667597099 2.966430050745015 0.08592418078020052 687.9284105865001 350.0 -10.0 -0.0
0 3 600.0 350.0 0.0 700.0 225.2177092697127 353.0476853719503 2.9696612746281645 0.08601777485129863 677.9284105865001 350.0 -10.0 -0.0
0 3 600.0 350.0 0.0 700.0 228.19027864583572 353.1337873814656 2.9725693761229985 0.08610200951528693 667.9284105865001 350.0 -10.0 -0.0
0 3 600.0 350.0 0.0 700.0 231.16546531330405 353.21996520217846 2.9751866674683494 0.0861778207128764 657.9284105865001 350.0 -10.0 -0.0
0 3 600.0 350.0 0.0 700.0 234.1430075429832 353.30621125296915 2.977542229679165 0.08624605079070692 647.9284105865001 350.0 -10.0 -0.0
0 3 600.0 350.0 0.0 700.0 237.12266977865212 353.3925187108299 2.9796622356688993 0.0863074578607544 637.9284105865001 350.0 -10.0 -0.0
0 3 600.0 350.0 0.0 700.0 240.1042400197118 353.4788814350537 2.98157024105966 0.08636272422379714 627.9284105865001 350.0 -10.0 -0.0
0 3 588.4999984466313 346.5721779111924 -11.5000015533687 696.5721779111924 243.08752746562314 353.56529389900425 2.9832874459113445 0.08641246395053558 618.6284105865002 350.0 -9.3 -0.0
0 3 579.069997172869 343.76136379837016 -9.430001273762333 697.1891858871777 246.072360395901 353.65175112870884 2.984832930277861 0.0864572297046002 608.7680256875087 349.83043333801095 -9.860384898991496 -0.16956666198906273
0 3 571.1337081008705 341.39578264101897 -7.936289071998378 697.6344188426488 249.05858426210872 353.7382486475921 2.9862238662077254 0.08649751888325835 598.7775988654728 349.39297258143324 -9.990426822035907 -0.4374607565776852
0 3 564.3308277720787 339.36803826634826 -6.802880328791883 697.9722556253294 252.04605997065332 353.8247824267362 2.9874757085446033 0.08653377914405068 588.8076472600727 348.61833396505693 -9.969951605400027 -0.7746386163763178
0 3 558.4190333884058 337.6059011676009 -5.911794383672935 698.2378629012527 255.0346623373011 353.91134884011495 2.9886023666477937 0.08656641337876375 578.8768910877537 347.4435651171771 -9.930756172318963 -1.174768847879801
0 3 553.2266351002474 336.05819550308973 -5.19239828815833 698.4522943354888 258.02427869624177 353.997944624305 2.989616358940665 0.08659578419000552 569.0117777563389 345.8066353818673 -9.865113331414829 -1.6369297353097982
0 3 548.6271128451118 334.68720925487503 -4.599522255135629 698.6290137517854 261.014807648246 354.0845668422251 2.990528952004249 0.0866222179201231 559.2508798275012 343.6329583996982 -9.760897928837709 -2.173676982169093
0 3 544.5243160343405 333.4642826779885 -4.1027968107713155 698.7770734231134 264.0061579340075 354.17121285050234 2.9913502857614747 0.0866460082772289 550.1661884778114 341.68501918859226 -9.0846913496898 -1.947939211105986
0 3 540.8433350954859 332.3670873678723 -3.68098093885453 698.9028046898837 266.99824742015045 354.25788027010094 2.992089486142978 0.08666741959862415 541.6901044931637 339.9409798821447 -8.47608398464761 -1.7440393064475843
